Rank,Rank,Unnamed: 2_level_0,Unnamed: 3_level_0,Unnamed: 4_level_0,Total Income,Total Income,Net Income,Net Income,Profit,Profit,Interest cost,Interest cost,Cash & Bank Balance,Total Debt,Debt-Equity Ratio,Total Assets,Total Assets,Networth,Networth,RONW,ROCE,Employees,Employees,Employees,Unnamed: 25_level_0,Unnamed: 26_level_0,Unnamed: 27_level_0,Unnamed: 28_level_0,Unnamed: 29_level_0
2021,2020,Change,Company,Ownership,industry,Rs cr,YoY change %,Rs cr,YoY change %,Rs cr,Rank,YoY change %,% of total income,Rs cr,% of Ebitda,Rs cr,Rs cr.1,(x),Rs cr,Rank,YoY change %,Rs cr,Rank,YoY change %,(%),(%),(in nos),Rank,YoY change %
1,1,0,Reliance Industries,Mukesh Ambani,Oil & gas,514217,-16.5,466924,-21.86,49128,1,24.84,9.55,21189,32.60,17397.0,270648.0,0.54,1094771.0,7.0,30.71,700172.0,1.0,55.88,8.42,7.81,236334.0,6.0,20.81
2,4,2,State Bank of India,Govt of India,Banks,385338,4.71,278115,3.06,22405,4,13.34,5.81,156010,NAP,347707.0,4149127.0,0.0,4653343.0,1.0,15.59,251984.0,2.0,10.86,10.1,0.52,245652.0,5.0,-1.52
3,2,-1,Indian Oil Corporation,Govt of India,Oil & gas,374828,-24.02,363950,-24.77,21638,5,0.0,5.77,2933,7.34,2475.0,116653.0,1.19,234495.0,27.0,1.73,111838.0,8.0,17.23,21.0,14.55,31648.0,31.0,-4.09
4,3,-1,ONGC,Govt of India,Oil & gas,325179,-19.83,304001,-23.38,16249,9,50.4,5.00,5079,10.27,7192.0,133187.0,0.62,418978.0,16.0,8.14,220981.0,3.0,7.74,10.02,9.18,28479.0,34.0,-5.40
5,6,1,Tata Motors,Tata,Auto,249646,-4.7,249795,-4.32,-13451,498,0.0,NAP,8097,48.68,46792.0,142131.0,2.26,227426.0,30.0,5.27,55247.0,27.0,-12.42,5.23,5.07,50837.0,22.0,-35.57
6,5,-1,Bharat Petroleum Corporation,Govt of India,Oil & gas,241425,-16.45,230163,-19.12,16165,10,429.07,6.70,1723,8.22,8110.0,54532.0,1.33,110304.0,53.0,3.96,53555.0,30.0,46.6,29.93,17.62,9251.0,106.0,-17.76
7,8,1,Tata Consultancy Services,Tata,IT services,167311,3.57,164177,4.61,32430,2,0.28,19.38,637,1.41,9329.0,7795.0,0.09,97129.0,55.0,2.97,85605.0,10.0,2.73,38.55,47.1,488649.0,1.0,8.96
8,9,1,ICICI Bank,Diversified*,Banks,161336,7.71,89163,5.1,18384,8,92.18,11.40,42659,NAP,147571.0,1103840.0,0.0,1474196.0,3.0,14.29,154462.0,6.0,28.92,14.85,1.33,98750.0,13.0,1.43
9,12,3,Tata Steel,Tata,Metals,156174,2.97,156294,4.92,7490,24,381.21,4.80,7607,25.97,5782.0,88501.0,1.39,181471.0,39.0,-10.04,73932.0,16.0,0.25,11.09,11.37,31189.0,32.0,-3.63
10,11,1,HDFC Bank,Diversified*,Banks,155885,6.0,128552,5.21,31833,3,16.8,20.42,59248,NAP,121273.0,1511418.0,0.0,1721861.0,2.0,14.03,209810.0,4.0,18.97,16.5,1.97,120093.0,10.0,2.67
11,10,-1,Larsen & Toubro,Diversified*,Engineering,147303,-0.35,135979,-6.51,11583,17,21.3,7.86,11750,59.03,16242.0,133505.0,1.9,223578.0,31.0,1.14,75869.0,15.0,13.71,21.84,15.2,40527.0,25.0,-10.47
12,15,3,HDFC,Diversified*,NBFC,145993,35.75,139034,36.68,18740,7,-12.57,12.84,29081,NAP,3035.0,447013.0,3.08,612631.0,13.0,9.55,156713.0,5.0,23.9,14.47,9.23,3226.0,242.0,4.23
13,13,0,Hindalco Industries,Aditya Birla,Metals,135485,13.49,131985,11.72,3483,48,-7.54,2.57,3738,24.56,8809.0,67206.0,1.09,144006.0,43.0,5.28,66533.0,19.0,14.09,5.58,7.08,20971.0,56.0,-6.70
14,14,0,NTPC,Govt of India,Power,118214,0.42,111531,1.89,14635,11,26.16,12.38,9224,28.49,4388.0,212451.0,1.7,349185.0,21.0,5.12,125738.0,7.0,5.81,12.24,7.89,18509.0,64.0,-3.42
15,20,5,Bharti Airtel,Bharti,Telecom services,112386,23.04,100616,18.82,-15084,499,53.13,NAP,15091,51.52,13466.0,162785.0,2.29,259898.0,25.0,-0.19,58953.0,26.0,-23.58,0.0,0.0,9691.0,102.0,-2.68
16,18,2,Infosys,Diversified*,IT services,102673,9.7,100472,10.66,19351,6,16.61,18.85,195,0.70,24714.0,5325.0,0.08,84384.0,60.0,17.92,69966.0,17.0,13.99,29.58,37.08,259619.0,4.0,7.12
17,16,-1,Coal India,Govt of India,Mining & minerals,96170,-7.14,90026,-6.3,12700,13,-24.02,13.21,645,3.47,17310.0,5883.0,0.18,112610.0,50.0,6.85,36517.0,44.0,13.56,36.99,17.18,262292.0,3.0,-3.73
18,30,12,Punjab National Bank,Govt of India,Banks,94991,47.72,81866,49.07,2562,62,484.32,2.70,50805,NAP,113334.0,1166015.0,0.0,1259036.0,4.0,50.42,85334.0,11.0,44.35,2.82,0.24,101802.0,12.0,48.01
19,34,15,Canara Bank,Govt of India,Banks,93660,52.15,70213,41.11,2891,58,0.0,3.09,45183,NAP,178866.0,1060998.0,0.0,1124201.0,6.0,58.31,54125.0,29.0,55.21,6.07,0.32,88213.0,14.0,50.45
20,22,2,Vedanta,Anil Agarwal,Metals,90650,5.48,88021,4.23,11602,16,0.0,12.80,5210,19.56,16629.0,57026.0,0.99,143424.0,44.0,2.54,62278.0,21.0,13.99,25.72,17.86,8550.0,116.0,-9.09
21,19,-2,Bank of Baroda,Govt of India,Banks,89001,-2.29,74314,-5.81,1548,90,66.82,1.74,43201,NAP,128661.0,1067173.0,0.0,1149999.0,5.0,0.4,82390.0,13.0,8.26,1.63,0.13,82000.0,15.0,-2.38
22,42,20,Union Bank of India,Govt of India,Banks,83211,92.31,69311,84.93,2863,60,0.0,3.44,44112,NAP,84763.0,977576.0,0.0,1042314.0,8.0,93.33,59839.0,25.0,94.19,6.24,0.36,78202.0,18.0,110.12
23,23,0,Axis Bank,Diversified*,Banks,80848,0.99,64696,1.54,7196,25,288.29,8.90,34926,NAP,63424.0,859872.0,0.0,963640.0,9.0,9.03,103594.0,9.0,19.98,7.64,0.78,78307.0,17.0,5.62
24,27,3,JSW Steel,Sajjan Jindal,Metals,80780,8.95,79839,8.88,7911,23,96.3,9.79,3957,19.73,12813.0,62366.0,1.48,112231.0,52.0,10.61,46764.0,34.0,27.77,18.89,14.87,13128.0,86.0,-0.61
25,24,-1,Grasim Industries,Aditya Birla,Diversified,77152,-0.11,69963,2.51,4305,37,-2.42,5.58,5723,48.29,4966.0,77703.0,1.33,230368.0,28.0,6.95,65494.0,20.0,15.65,11.44,8.4,23561.0,47.0,-2.33
26,17,-9,Mahindra & Mahindra,Mahindra,Auto,76942,0.07,74278,-1.46,1812,78,1326.71,2.36,6102,62.02,12852.0,80087.0,1.99,138702.0,45.0,-1.82,41582.0,41.0,4.03,4.73,7.91,19941.0,61.0,-3.38
27,28,1,HCL Technologies,Shiv Nadar,IT services,76309,7.08,75379,6.65,11145,18,0.8,14.61,511,2.55,8888.0,6501.0,0.13,69434.0,69.0,11.9,59913.0,24.0,16.86,20.09,24.95,168977.0,8.0,13.28
28,25,-3,Maruti Suzuki India,MNC,Auto,73204,-7.75,70372,-6.99,4389,35,-22.67,6.00,102,1.90,3047.0,541.0,0.01,55216.0,79.0,6.63,52501.0,32.0,6.25,4.4,4.99,16025.0,74.0,0.50
29,33,4,Power Finance Corporation,Govt of India,NBFC,71707,15.11,71656,15.22,11748,15,64.95,16.38,44684,NAP,8203.0,659682.0,11.4,741472.0,10.0,11.88,60767.0,22.0,23.01,28.53,9.45,483.0,419.0,-0.21
30,29,-1,Steel Authority of India,Govt of India,Metals,66495,-2.7,69114,12.08,4148,38,95.6,6.24,2817,22.60,796.0,37677.0,1.06,89365.0,58.0,-11.98,45406.0,36.0,9.39,9.55,10.5,65564.0,20.0,-5.50
31,21,-10,Nayara Energy,MNC,Oil & gas,64685,-25.34,62741,-26.69,458,225,-81.5,0.71,2097,78.47,4170.0,12918.0,0.62,46471.0,89.0,-5.28,20658.0,72.0,9.14,2.31,3.81,,,
32,32,0,Wipro,Azim Premji,IT services,64307,1.01,61935,1.3,10796,19,11.05,16.79,509,3.44,16979.0,10451.0,0.18,67622.0,72.0,0.42,54901.0,28.0,-0.76,19.72,21.41,201665.0,7.0,10.27
33,35,2,Bajaj Finserv,Bajaj,NBFC,60592,11.48,60592,11.48,4470,32,32.69,7.38,9274,NAP,3410.0,128461.0,3.81,186755.0,37.0,4.88,35830.0,46.0,14.47,21.95,11.86,,,
34,26,-8,GAIL (India),Govt of India,Oil & gas,59771,-22.11,57372,-20.89,6136,27,-34.87,10.27,179,2.48,2025.0,7873.0,0.14,66926.0,73.0,8.92,53182.0,31.0,7.94,11.99,12.33,4705.0,192.0,0.49
35,31,-4,Motherson Sumi Systems,Vivek Chaand Sehgal,Auto ancillaries,58192,-5.22,57370,-5.53,1039,131,-11.19,1.79,512,11.90,5906.0,11930.0,1.05,30138.0,115.0,2.83,12561.0,109.0,11.54,13.18,7.76,117862.0,11.0,2.82
36,38,2,Kotak Mahindra Bank,Uday Kotak,Banks,56815,12.8,32820,-1.95,9990,20,16.25,17.58,12967,NAP,47717.0,326610.0,0.0,453520.0,15.0,6.81,84339.0,12.0,26.56,13.12,2.28,51734.0,21.0,3.40
37,36,-1,ITC,Diversified*,FMCG,52551,-0.31,49273,-0.27,13161,12,-14.01,25.04,58,0.34,4659.0,271.0,0.0,61452.0,77.0,-7.24,60347.0,23.0,-7.55,21.31,28.35,26071.0,36.0,-7.27
38,41,3,Jindal Steel & Power,Navin Jindal,Metals,49786,30.06,49458,30.42,4012,40,0.0,8.06,3093,25.68,6152.0,29310.0,1.03,61401.0,78.0,-12.04,31815.0,51.0,-1.0,15.84,15.48,6088.0,159.0,-1.06
39,39,0,Bank of India,Govt of India,Banks,48232,-2.12,40854,-4.08,2083,71,0.0,4.32,26421,NAP,126694.0,661562.0,0.0,711702.0,11.0,10.79,43676.0,39.0,12.85,5.05,0.31,4338.0,200.0,-91.28
40,45,5,Hindustan Unilever,MNC,FMCG,47960,18.14,47028,18.21,7995,22,18.48,16.67,117,1.04,4471.0,0.0,51666.0,82.0,376.8,47674.0,33.0,479.34,28.62,34.33,8525.0,117.0,20.38,
41,63,22,Indian Bank,Govt of India,Banks,45649,84.61,39108,82.74,3149,51,265.61,6.90,23439,NAP,54100.0,564233.0,0.0,603714.0,14.0,98.72,39458.0,42.0,73.31,9.69,0.69,42601.0,24.0,126.65
42,43,1,UltraTech Cement,Aditya Birla,Cement,45155,3.95,44726,5.41,5463,28,-5.08,12.10,1486,13.14,2008.0,20488.0,0.52,66734.0,74.0,4.9,44175.0,37.0,13.14,13.13,14.56,21909.0,52.0,1.47
43,40,-3,Vodafone Idea,MNC,Telecom services,44646,-4.13,41952,-6.68,-44233,500,40.13,NAP,17998,-338.90,2217.0,29379.0,0.0,159971.0,40.0,6.75,-38228.0,500.0,-739.27,0.0,0.0,9174.0,108.0,-20.13
44,44,0,Power Grid Corporation of India,Govt of India,Power,41502,1.38,39640,5.02,12036,14,8.83,29.00,8135,24.06,5359.0,143210.0,2.17,217581.0,32.0,0.14,69936.0,18.0,8.1,17.88,10.87,8766.0,113.0,-2.49
45,,RE 2019,Hyundai Motor India,MNC,Auto,40996,-6.04,40674,-5.36,1847,77,-21.56,4.51,165,3.94,11422.0,1354.0,0.09,17914.0,145.0,12.55,15130.0,90.0,13.93,13.0,15.71,,,
46,49,3,UPL,RD Shroff,Fertilisers & agrochem,38994,8.73,38694,8.22,2871,59,61.66,7.36,2060,25.39,4853.0,24413.0,1.34,49829.0,85.0,-4.27,20887.0,71.0,8.32,17.4,13.16,5208.0,178.0,10.74
47,46,-1,Tech Mahindra,Mahindra,IT services,38643,1.53,37855,2.68,4428,33,9.79,11.46,174,2.56,2835.0,2901.0,0.14,31252.0,113.0,7.65,24865.0,61.0,13.99,18.65,20.59,80641.0,16.0,-9.19
48,,RE 2018,REC,Govt of India,NBFC,35575,18.52,35556,18.75,8378,21,68.5,23.55,21489,NAP,3403.0,329723.0,7.78,373487.0,17.0,16.1,43764.0,38.0,23.64,21.17,9.28,428.0,422.0,-82.18
49,50,1,IndusInd Bank,Hinduja,Banks,35501,-0.66,29000,0.75,2930,55,-34.28,8.25,15472,NAP,56610.0,307193.0,0.0,350694.0,20.0,17.87,43187.0,40.0,25.44,7.55,0.9,29661.0,33.0,-3.30
50,51,1,Sun Pharmaceuticals Industries,Dilip Shanghvi,Pharma,34996,5.45,33498,2.01,2904,57,-22.87,8.30,141,3.40,6446.0,3869.0,0.13,54447.0,80.0,-7.36,46463.0,35.0,2.65,12.25,13.6,37000.0,26.0,108.35
51,52,1,Nabard,Govt of India,NBFC,34671,6.05,34569,6.0,4320,36,11.94,12.46,24220,NAP,4408.0,559112.0,0.0,639412.0,12.0,23.8,80300.0,14.0,9.12,5.61,0.0,3373.0,235.0,
52,54,2,Tata Power Company,Tata,Power,34391,9.34,32468,11.43,1127,124,10.81,3.28,4010,59.22,6113.0,46708.0,2.35,80488.0,62.0,4.46,22322.0,65.0,14.09,4.03,6.65,2673.0,274.0,-68.97
53,56,3,New India Assurance Company,Govt of India,Financial services,33813,8.51,31087,9.68,1640,86,13.74,4.85,0.00,11787,0.0,38541.0,100.0,35.49,19716.0,75.0,9.17,8.62,7.54,15249.0,79.0,-7.62,,
54,55,1,Hero MotoCorp,Munjal,Auto,31773,2.72,30959,5.83,2918,56,-19.8,9.18,46,1.15,396.0,584.0,0.03,16465.0,151.0,8.87,15416.0,87.0,7.01,19.69,24.89,8793.0,112.0,2.26
55,77,22,Max Financial Services,Analjit Singh,NBFC,31288,71.52,31275,71.46,425,239,193.39,1.36,NAP,508,3.0,0.0,3609.0,330.0,27.89,3343.0,252.0,55.74,15.79,16.71,,,,
56,53,-3,Bajaj Auto,Bajaj,Auto,29543,-7.18,27741,-7.28,4857,31,-6.81,16.44,7,0.14,539.0,121.0,0.01,27436.0,119.0,25.22,27273.0,58.0,25.9,19.85,25.32,7693.0,132.0,-2.88
57,64,7,Aurobindo Pharma,PV Ramprasad Reddy,Pharma,29135,24.55,24775,7.26,5335,29,87.51,18.31,74,1.54,5474.0,5291.0,0.29,27417.0,120.0,20.18,21930.0,66.0,30.34,17.59,18.33,19364.0,62.0,4.85
58,58,0,Adani Power,Adani,Power,28150,1.11,26221,-0.93,1270,106,0.0,4.51,5106,58.91,1607.0,52323.0,5.44,71205.0,68.0,5.96,13113.0,101.0,102.34,7.58,9.71,,,
59,,RE 2018,Petronet LNG,Govt of India,Oil & gas,26401,-26.32,26023,-26.6,2939,54,8.73,11.13,336,7.15,4342.0,3386.0,0.31,16176.0,152.0,2.12,11807.0,113.0,6.17,25.64,26.82,532.0,416.0,5.14
60,60,0,Central Bank of India,Govt of India,Banks,25992,-4.78,22830,-3.57,-1000,485,20.36,NAP,14543,NAP,38954.0,336088.0,0.0,362635.0,18.0,6.08,22705.0,64.0,22.24,0.0,-0.28,32335.0,29.0,-3.42
61,61,0,IDBI Bank,Govt of India,Banks,24804,-2.68,19956,-4.31,1514,94,0.0,6.10,11408,NAP,35308.0,246615.0,0.0,284356.0,22.0,-3.25,31347.0,52.0,10.64,2.76,0.52,17319.0,67.0,-2.28
62,59,-3,Ambuja Cements,MNC,Cement,24724,-10.29,24516,-9.55,2365,66,12.91,9.57,140,2.90,8936.0,90.0,0.0,29881.0,116.0,-1.0,22758.0,63.0,-5.48,13.27,17.22,5046.0,184.0,9.10
63,62,-1,Avenue Supermarts,RK Damani,Retail,24640,-2.49,24143,-2.92,1099,126,-15.49,4.46,42,2.39,1446.0,393.0,0.03,12580.0,177.0,10.2,12184.0,111.0,9.96,9.45,12.71,10175.0,100.0,7.60
64,47,-17,Yes Bank,Diversified*,Banks,23475,-38.24,20039,-23.08,-3489,493,78.77,NAP,12611,NAP,29325.0,226795.0,0.0,259933.0,24.0,7.95,33138.0,49.0,52.75,0.0,-1.39,22270.0,50.0,-3.06
65,72,7,Indian Overseas Bank,Govt of India,Banks,22525,8.47,16966,-2.53,831,148,0.0,3.69,11067,NAP,30776.0,243960.0,0.0,260905.0,23.0,6.7,14724.0,91.0,6.52,3.51,0.33,23579.0,46.0,-5.23
66,71,5,Asian Paints,"Dani, Vakil, Choksi",FMCG,22137,6.4,21713,7.43,3139,52,16.05,14.18,92,1.89,611.0,1093.0,0.1,14545.0,165.0,22.84,12806.0,103.0,26.42,27.96,34.4,7134.0,142.0,5.69
67,,RE 2019,Honda Motorcycle & Scooter Ind.,MNC,Auto,22019,-9.92,22423,-4.86,152,363,-87.83,0.69,19,1.68,4595.0,115.0,0.01,8191.0,217.0,1.59,7511.0,145.0,1.93,3.6,5.48,,,
68,NAP,NEW,MMTC-PAMP India,MNC,Mining & minerals,21204,-39.14,20372,-40.97,3,431,-90.22,0.01,94,214.80,112.0,661.0,1.08,1000.0,481.0,194.33,307.0,475.0,1.44,0.88,14.68,,,
69,69,0,Hindustan Aeronautics,Govt of India,Engineering,20661,-2.69,22755,6.11,3239,50,12.37,15.68,267,4.98,7177.0,51.0,0.21,26486.0,123.0,-5.67,15412.0,88.0,16.33,22.6,16.66,26432.0,35.0,-3.48
70,70,0,Ashok Leyland,Hinduja,Auto,20577,-3.01,19754,-11.86,-165,460,0.0,NAP,1901,79.99,1779.0,24077.0,2.97,33824.0,109.0,5.83,7862.0,138.0,0.94,-1.2,5.51,10758.0,98.0,-6.15
71,74,3,Sundaram Clayton,TVS Iyengar,Auto ancillaries,20388,2.59,20299,2.22,324,275,-3.99,1.59,929,39.32,1706.0,12853.0,4.69,17727.0,146.0,7.7,2905.0,274.0,17.91,22.06,11.54,1721.0,341.0,-10.22
72,67,-5,Reliance Infrastructure,Reliance ADA,Infrastructure,20284,-8.85,16705,-11.5,-532,477,0.0,NAP,2727,1451.40,926.0,13907.0,1.63,32685.0,112.0,-9.53,9203.0,132.0,-6.02,0.0,0.0,5493.0,174.0,-3.93
73,78,5,Dr Reddys Laboratories,Dr. Reddy’s Holdings,Pharma,20177,11.05,19048,8.74,1952,75,-3.67,9.67,97,2.51,1483.0,3031.0,0.16,20885.0,135.0,15.46,17642.0,80.0,13.1,11.74,15.29,23704.0,45.0,9.49
74,75,1,LIC Housing Finance,Govt of India,NBFC,19880,0.88,19886,0.74,2741,61,14.04,13.79,14450,NAP,1385.0,207925.0,10.28,228529.0,29.0,8.98,20601.0,73.0,12.79,14.11,8.13,2427.0,294.0,1.46
75,82,7,Cipla,Yusuf Hamied,Pharma,19618,10.71,19160,11.84,2405,64,55.5,12.26,161,3.78,1401.0,1756.0,0.13,20817.0,136.0,7.57,18327.0,77.0,16.26,14.09,17.42,21565.0,54.0,-0.37
76,86,10,Aditya Birla Capital,Aditya Birla,NBFC,19542,15.22,19260,15.35,1127,125,22.48,5.76,3916,NAP,2807.0,53044.0,4.14,68403.0,71.0,-2.27,13743.0,97.0,9.28,8.4,8.06,,,
77,98,21,Oil India,Govt of India,Oil & Gas,19495,-9.14,17630,-5.28,3528,47,-24.96,18.10,660,12.57,1587.0,19406.0,0.69,45660.0,91.0,18.64,23666.0,62.0,1.96,19.12,13.49,6190.0,158.0,-7.34
78,76,-2,TVS Motor Company,TVS Iyengar,Auto,19468,3.04,19421,3.03,594,186,-4.86,3.05,881,39.69,1657.0,12179.0,3.34,16579.0,150.0,8.11,3827.0,223.0,16.59,17.09,10.92,5035.0,186.0,-1.91
79,65,-14,Reliance Capital,Reliance ADA,NBFC,19308,-17.01,19252,5.05,-9404,497,0.0,NAP,2768,NAP,1030.0,26887.0,0.0,16086.0,155.0,-36.26,-11538.0,498.0,-402.96,0.0,0.0,18360.0,65.0,
80,68,-12,Titan Company,Tata,Gems & jewellery,19129,0.19,19065,5.56,973,137,-35.18,5.09,203,11.81,560.0,5638.0,0.65,13300.0,169.0,27.82,7497.0,146.0,12.42,13.75,12.91,7235.0,139.0,-4.17
81,79,-2,PTC India,Govt of India,Power,18374,1.38,18346,1.35,449,231,22.07,2.44,928,55.29,1381.0,11479.0,2.66,16680.0,149.0,1.46,4420.0,208.0,5.55,10.63,10.16,,,
82,81,-1,IDFC First Bank,IDFC,Banks,18222,1.44,15968,-1.68,483,215,0.0,2.65,8585,NAP,5773.0,134322.0,0.0,152222.0,41.0,10.4,17900.0,78.0,16.21,2.62,0.33,24169.0,42.0,19.52
83,80,-3,UCO Bank,Govt of India,Banks,18166,0.89,14446,-4.55,167,354,0.0,0.92,8966,NAP,23600.0,221302.0,0.0,243908.0,26.0,6.93,19915.0,74.0,18.11,0.27,0.07,22012.0,51.0,-1.89
84,87,3,EID Parry (India),Murugappa Chettiar,FMCG,18085,7.77,18587,8.52,447,233,-4.38,2.47,236,11.69,793.0,1229.0,0.69,8086.0,218.0,-15.88,4583.0,205.0,30.22,24.68,25.82,2022.0,322.0,-10.17
85,88,3,Shriram Transport Finance Co,Shriram,NBFC,17436,5.19,17422,5.2,2499,63,-0.53,14.33,9089,NAP,16442.0,106546.0,5.05,128263.0,46.0,13.63,21717.0,68.0,19.71,12.48,10.26,24452.0,40.0,-12.81
86,85,-1,Tata Communications,Tata,Telecom services,17348,1.23,17100,0.19,1251,108,0.0,7.21,420,10.26,927.0,11394.0,0.0,14893.0,162.0,-0.6,115.0,484.0,109.03,84.94,11.95,5999.0,162.0,6.10
87,90,3,Apollo Tyres,Onkar Kanwar,Auto ancillaries,17207,6.33,17397,6.4,350,266,-26.49,2.04,463,20.96,2146.0,6434.0,0.62,20037.0,137.0,8.87,11440.0,115.0,15.24,6.67,8.47,15821.0,76.0,-11.78
88,66,-22,Bharat Heavy Electricals,Govt of India,Engineering,17190,-25.57,17309,-19.36,-2697,488,0.0,NAP,467,-15.30,6701.0,4951.0,0.18,39778.0,97.0,-5.62,25984.0,60.0,-9.34,0.0,0.0,32131.0,30.0,-4.80
89,94,5,Federal Bank,Diversified*,Banks,16272,5.17,14314,5.33,1664,83,5.32,10.23,8435,NAP,19816.0,184457.0,0.0,201176.0,34.0,11.9,16497.0,83.0,11.34,10.52,0.87,12592.0,88.0,0.77
90,,RE 2018,Ruchi Soya Industries,Patanjali Ayurved,FMCG,16213,-20.18,15801,24.11,681,169,-91.13,4.07,373,38.98,387.0,3494.0,0.9,8054.0,219.0,10.17,4062.0,218.0,20.51,18.32,11.55,2567.0,283.0,-0.96
91,83,-8,Citibank N. A.,MNC,Banks,16150,-8.77,12195,-5.82,4093,39,-16.78,25.34,3310,NAP,41540.0,170532.0,0.0,198804.0,35.0,2.19,28196.0,57.0,6.59,14.98,2.08,,,
92,89,-3,MRF,Murugappa,Auto ancillaries,16019,-3.25,16163,-0.47,1277,105,-10.23,7.97,282,9.55,169.0,1994.0,0.15,16116.0,154.0,8.63,13414.0,99.0,9.82,9.97,13.04,18180.0,66.0,4.63
93,NAP,NEW,Suzuki Motor Gujarat,MNC,Auto,15889,-8.03,15850,-6.59,46,417,-54.32,0.29,2,0.15,3522.0,0.0,12929.0,173.0,-1.33,12734.0,105.0,0.36,0.36,0.77,,,,
94,116,22,NMDC,Govt of India,Mining & minerals,15884,27.63,15370,31.38,6277,26,75.67,39.52,17,0.19,5862.0,1994.0,0.04,32842.0,111.0,12.94,29884.0,54.0,7.99,21.71,28.8,5569.0,171.0,-2.96
95,92,-3,Lupin,DB Gupta,Pharma,15785,-1.24,15163,-1.38,1217,114,0.0,7.71,141,5.48,1742.0,4783.0,0.42,19711.0,140.0,-1.79,13803.0,96.0,10.1,9.32,9.16,18573.0,63.0,1.48
96,,RE 2017,Indian Railway Finance Corpn.,Govt of India,NBFC,15771,17.51,15771,17.51,4416,34,38.35,28.00,11237,NAP,459.0,323111.0,8.42,359024.0,19.0,35.65,35913.0,45.0,18.53,13.31,5.02,,,
97,48,-49,InterGlobe Aviation,Rahul Bhatia,Aviation,15676,-57.97,14641,-59.05,-5806,494,0.0,NAP,2170,15216.27,11228.0,29860.0,8.78,33325.0,110.0,2.67,111.0,485.0,-98.11,0.0,0.0,23711.0,44.0,-14.75
98,97,-1,Exide Industries,Rajan Raheja,Auto ancillaries,15367,4.17,15297,5.71,810,150,4.27,5.27,153,9.61,354.0,509.0,0.05,23881.0,126.0,13.21,7272.0,151.0,12.45,11.69,5.47,5202.0,179.0,-10.65
99,100,1,Cadila Healthcare,Pankaj Patel,Pharma,15289,5.72,15102,5.96,2134,69,81.34,13.96,164,5.21,888.0,4584.0,0.54,19878.0,138.0,-0.51,12992.0,102.0,25.22,18.3,13.38,24412.0,41.0,82.11
100,104,4,Adani Ports & SEZ,Adani,Infrastructure,15235,9.83,12550,5.7,4994,30,32.72,32.78,2255,28.30,4701.0,34835.0,1.15,68910.0,70.0,18.58,30462.0,53.0,19.66,18.06,13.64,1184.0,382.0,-7.79
101,172,71,Indus Towers,Bharti,Telecom (Ancillaries),15217,77.16,13954,106.94,3779,43,14.56,24.83,836,11.65,15.0,21576.0,0.89,39761.0,98.0,113.91,15877.0,85.0,17.24,25.69,19.17,3442.0,232.0,175.80
102,117,15,Bandhan Bank,Ghosh & Associates,Banks,14633,17.68,12524,15.05,2205,68,-27.06,15.07,4961,NAP,6193.0,94933.0,0.0,112341.0,51.0,26.72,17408.0,81.0,14.56,13.53,2.19,49445.0,23.0,24.39
103,110,7,Bank of Maharashtra,Govt of India,Banks,14515,10.34,11869,3.25,571,190,43.28,3.94,6970,NAP,12942.0,178228.0,0.0,190536.0,36.0,15.74,11136.0,117.0,15.46,4.08,0.32,13128.0,86.0,4.76
104,103,-1,HSBC,MNC,Banks,14440,4.62,12186,4.69,3632,45,30.76,25.15,3825,NAP,51830.0,178701.0,0.0,208166.0,33.0,18.85,28967.0,56.0,14.34,13.38,1.89,,,
105,112,7,Bharat Electronics,Govt of India,Electronics,14358,12.02,14109,8.8,2099,70,15.08,14.62,10,0.30,5074.0,0.0,12660.0,176.0,10.17,11060.0,118.0,9.81,19.59,24.47,9172.0,109.0,-1.15,
106,NAP,NEW,Cholamandalam Fin. Holdings,Murugappa,NBFC,13905,5.86,13900,5.83,825,149,49.7,5.93,4608,NAP,6204.0,63797.0,11.92,75156.0,63.0,15.95,5386.0,186.0,17.33,35.36,10.87,,,
107,111,4,Shree Cement,HM Bangur,Cement,13893,6.01,13476,4.72,2286,67,48.83,16.45,251,6.20,708.0,2134.0,0.18,18615.0,143.0,6.76,15397.0,89.0,16.92,16.03,18.12,6259.0,155.0,1.20
108,93,-15,ACC,MNC,Cement,13869,-12.71,13786,-11.95,1430,96,3.83,10.31,57,2.62,6006.0,84.0,0.0,13001.0,171.0,10.35,12699.0,106.0,10.01,12.79,15.68,6401.0,150.0,-3.64
109,120,11,Bombay Burmah Trading Corporation,Nusli Wadia,Trading,13771,12.09,13396,12.67,370,255,-38.23,2.68,151,7.02,1528.0,2653.0,0.44,9983.0,198.0,6.17,5476.0,182.0,7.5,24.18,29.58,3751.0,219.0,15.24
110,95,-15,Piramal Enterprises,Ajay Piramal,Diversified,13768,-6.96,12809,-1.98,1332,99,5444.49,9.68,4209,56.70,7025.0,39557.0,1.26,74869.0,64.0,2.54,34018.0,48.0,11.27,4.37,10.44,353.0,428.0,-91.76
111,,RE 2015,Coromandel International,Murugappa,Fertilisers & agrochem,13723,5.77,14213,8.2,1329,101,24.8,9.69,106,5.24,722.0,385.0,0.25,5559.0,260.0,-12.7,5151.0,192.0,19.29,28.08,31.72,4950.0,190.0,1.14
112,114,2,Nestle India,MNC,FMCG,13565,6.31,13350,7.93,2082,72,5.79,15.35,164,5.13,1770.0,147.0,0.09,5457.0,266.0,8.81,2019.0,337.0,5.24,105.76,56.85,7747.0,130.0,1.28
113,125,12,Britannia Industries,Nusli Wadia,FMCG,13487,14.04,13136,13.25,1864,76,32.89,13.82,111,4.42,211.0,2107.0,0.46,5745.0,256.0,-4.61,3548.0,237.0,-19.42,46.55,44.88,4499.0,195.0,-0.79
114,NAP,NEW,Ford India,MNC,Auto,13433,-43.74,12057,-40.28,-188,461,96.55,NAP,459,-41.26,380.0,5608.0,0.0,5137.0,276.0,-19.03,-781.0,491.0,-30.9,0.0,0.0,,,
115,99,-16,Standard Chartered Bank,MNC,Banks,13329,-7.83,10765,-5.62,3059,53,7.93,22.95,4137,NAP,17405.0,118489.0,0.0,148681.0,42.0,1.86,29616.0,55.0,4.74,10.57,2.08,,,
116,91,-25,Toyota Kirloskar Motor,MNC,Auto,13270,-17.58,13182,-15.86,-55,445,0.0,NAP,40,15.35,5641.0,3639.0,1.41,7208.0,228.0,-0.27,2505.0,299.0,-5.13,-2.14,-0.41,,,
117,113,-4,Kalpataru Power Transmission,Mofatraj Munot,Power Services,13212,3.33,12949,2.16,671,171,72.24,5.08,532,33.79,592.0,3153.0,0.91,8524.0,211.0,-4.3,3739.0,227.0,11.32,14.48,14.66,3296.0,238.0,-6.66
118,122,4,KEC International,RPG,Power Services,13141,9.01,13114,9.6,553,198,-2.26,4.21,360,29.09,249.0,2066.0,0.74,5439.0,268.0,1.99,3360.0,251.0,20.09,17.95,20.73,9258.0,105.0,-0.75
119,121,2,Godrej Industries,Godrej,Diversified,12967,5.75,9334,-17.33,335,272,-39.59,2.58,469,149.59,852.0,10020.0,1.3,23570.0,130.0,41.27,7553.0,144.0,30.49,5.86,7.04,1070.0,389.0,2.29
120,119,-1,Chambal Fertilisers & Chemicals,KK Birla,Fertilisers & agrochem,12830,4.27,12719,4.2,1655,84,34.95,12.90,281,11.39,907.0,3866.0,1.46,9189.0,205.0,-32.23,5249.0,189.0,48.3,34.12,20.17,1033.0,391.0,-0.10
121,126,5,NLC India,Govt of India,Power,12525,5.61,9939,-3.87,1313,102,-8.89,10.48,1313,50.10,785.0,27234.0,2.02,47379.0,87.0,3.83,14100.0,95.0,9.26,8.16,7.1,11379.0,93.0,-8.87
122,102,-20,Torrent Power,Torrent,Power,12323,-10.97,12190,-10.79,1291,104,9.95,10.48,776,22.39,202.0,7817.0,0.86,19315.0,142.0,-0.13,10184.0,122.0,11.26,13.4,12.06,7803.0,128.0,-0.90
123,124,1,CESC,RP - Sanjiv Goenka,Power,12297,-5.47,11639,-4.28,1331,100,5.04,10.82,1340,40.61,1858.0,14041.0,1.45,29183.0,117.0,2.64,9873.0,125.0,4.9,14.13,10.88,7377.0,138.0,-6.45
124,109,-15,Jindal Stainless,Om Prakash Jindal,Metals,12235,-7.06,12188,-5.89,419,241,487.82,3.43,480,33.99,116.0,3154.0,1.19,6779.0,239.0,-4.21,3205.0,261.0,17.96,12.05,15.43,1685.0,343.0,0.30
125,131,6,Adani Enterprises,Adani,Trading,11992,4.24,11695,8.26,923,140,-18.94,2.32,1377,61.30,1811.0,16001.0,0.83,36612.0,106.0,12.69,17159.0,82.0,1.25,5.4,8.22,790.0,402.0,-61.31
126,146,20,Tata Consumer Products,Tata,FMCG,11957,22.62,11602,20.39,857,144,86.33,7.16,69,4.81,3075.0,1634.0,0.11,17548.0,147.0,5.03,14513.0,92.0,5.22,7.02,8.62,2852.0,263.0,6.06
127,118,-9,Gujarat State Petronet,Govt of Gujarat,Oil & gas,11666,-5.54,11535,-5.78,1607,87,-7.08,13.77,227,6.34,409.0,1923.0,0.49,10662.0,188.0,3.64,6391.0,163.0,30.84,38.89,36.43,264.0,431.0,4.76
128,148,20,Muthoot Finance,Muthoot,NBFC,11566,19.15,11531,19.07,3804,42,21.23,32.89,4109,NAP,8021.0,50414.0,3.33,66174.0,75.0,24.97,15575.0,86.0,31.67,27.87,15.56,25911.0,37.0,1.40
129,132,3,Varroc Engineering,Tarang Jain & Others,Auto ancillaries,11538,2.53,11303,1.63,-632,480,0.0,NAP,163,56.27,745.0,3695.0,1.32,7073.0,231.0,-7.05,3028.0,269.0,0.78,-18.04,-4.9,3634.0,226.0,17.61
130,137,7,Glenmark Pharmaceuticals,Saldanha,Pharma,11228,4.88,10944,2.85,970,138,25.02,8.64,353,16.94,1139.0,4687.0,0.73,12172.0,178.0,7.08,7065.0,152.0,16.38,14.77,14.75,10964.0,97.0,2.78
131,140,9,Godrej Consumer Products,Godrej,FMCG,11180,9.54,11029,11.28,1721,81,14.98,15.39,138,5.95,672.0,1864.0,0.31,11424.0,183.0,-2.6,9439.0,129.0,19.5,19.85,19.16,2698.0,270.0,-2.53
132,108,-24,National Fertilizer,Govt of India,Fertilisers & agrochem,11178,-12.53,11906,-9.36,237,323,0.0,2.12,294,32.55,42.0,1888.0,2.47,6378.0,245.0,-49.24,2140.0,327.0,12.51,11.73,6.6,3213.0,243.0,-3.77
133,153,20,Havells India,Anil Rai Gupta,Consumer durables,11176,19.13,10457,10.77,1044,130,42.02,9.34,90,5.67,1653.0,521.0,0.06,5863.0,255.0,29.37,5176.0,190.0,20.06,22.01,29.39,5727.0,170.0,-0.93
134,107,-27,Sidbi,Govt of India,NBFC,11166,-7.65,10409,-9.28,2398,65,3.62,21.48,6543,NAP,13808.0,163502.0,8.07,184791.0,38.0,2.28,21288.0,70.0,12.06,11.91,5.3,,,
135,135,0,NHPC,Govt of India,Power,11045,0.94,9666,-3.7,3257,49,12.9,29.49,654,12.94,2257.0,23365.0,0.72,65224.0,76.0,2.8,33090.0,50.0,5.45,11.11,8.35,5569.0,171.0,-9.17
136,127,-9,Adani Transmission,Adani,Power,11042,-5.47,9926,-13.05,1224,112,65.0,11.09,2117,53.59,1290.0,26961.0,2.94,38782.0,99.0,9.82,8919.0,133.0,4.95,14.81,10.39,5285.0,177.0,-2.44
137,NAP,NEW,Quess Corp,"Fairfax, Ajit Isaac",Services,10915,-1.16,10837,-1.41,58,414,0.0,0.53,114,25.36,565.0,791.0,0.49,3636.0,328.0,-12.86,2343.0,309.0,2.95,2.57,6.96,363136.0,2.0,-5.47
138,NAP,NEW,Intas Pharmaceuticals,Hasmukh Chudgar,Pharma,10904,8.3,10410,8.63,2063,73,35.83,18.92,-9,-0.35,2521.0,2641.0,0.25,14787.0,163.0,12.8,11979.0,112.0,20.11,18.79,17.5,,,
139,130,-9,Jindal Saw,Om Prakash Jindal,Metals,10868,-5.74,10664,-8.29,319,278,-42.53,2.93,493,39.66,724.0,5335.0,0.8,12144.0,179.0,-0.63,6983.0,155.0,3.25,4.77,7.85,7685.0,133.0,4.81
140,150,10,Edelweiss Financial Services,Rashesh Shah,NBFC,10849,12.98,10775,12.9,265,308,0.0,2.45,3834,NAP,4760.0,28436.0,5.12,36113.0,107.0,-17.67,6577.0,160.0,7.32,4.0,10.23,8518.0,118.0,-20.57
141,84,-57,Tata Chemicals,Tata,Chemicals,10837,-37.03,10569,-0.3,256,311,-96.34,2.37,367,24.48,1411.0,6933.0,0.54,23846.0,127.0,2.49,14290.0,94.0,10.8,3.21,4.4,4634.0,194.0,-0.94
142,129,-13,Apollo Hospitals Enterprise,Apollo Hospitals,Healthcare,10791,-6.81,10560,-6.11,150,364,-66.94,1.39,449,39.49,724.0,2859.0,0.81,9504.0,203.0,0.57,4595.0,204.0,37.93,2.46,6.53,68496.0,19.0,8.83
143,NAP,NEW,Bengal & Assam Company,Hari S Singhania,NBFC,10675,5.39,10439,3.13,508,210,11.7,4.76,504,NAP,308.0,5109.0,1.54,10525.0,191.0,-2.34,3915.0,222.0,16.03,10.57,12.18,,,
144,143,-1,Dalmia Bharat,Bharat Dalmia,Cement,10636,7.8,10522,8.77,1231,110,449.55,11.57,303,10.86,311.0,3857.0,0.43,16886.0,148.0,-0.65,12626.0,108.0,19.55,10.72,10.12,,,
145,138,-7,RBL Bank,Diversified*,Banks,10610,-0.81,8561,-2.47,529,203,5.86,4.99,4425,NAP,13443.0,84281.0,0.0,96947.0,56.0,13.54,12665.0,107.0,19.89,4.56,0.58,7816.0,126.0,8.24
146,191,45,Allcargo Logistics,Shashi Kiran Shetty,Logistics,10567,41.57,10498,42.9,173,350,-22.47,1.64,143,26.72,396.0,2065.0,0.83,4736.0,290.0,24.28,2284.0,315.0,6.42,5.16,9.7,932.0,397.0,-9.07
147,139,-8,Bosch,MNC,Auto ancillaries,10345,1.13,9716,-1.27,482,217,-25.79,4.66,14,3.15,2451.0,54.0,0.01,10292.0,193.0,6.5,9813.0,126.0,5.96,10.19,13.27,6276.0,154.0,-31.70
148,147,-1,Dilip Buildcon,Dilip Suryavanshi,Construction,10262,5.63,10168,4.56,267,307,-25.48,2.60,1173,55.13,809.0,10508.0,2.99,14976.0,161.0,12.5,3400.0,245.0,8.23,12.79,12.68,34262.0,28.0,-11.17
149,101,-48,Siemens,MNC,Engineering,10156,-24.95,9947,-23.98,769,156,-30.09,7.57,30,2.94,5710.0,0.0,10001.0,197.0,6.84,9492.0,128.0,4.89,8.29,11.01,9049.0,110.0,,
150,184,34,BASF India,MNC,Chemicals,10107,27.83,9558,25.86,553,199,2316.31,5.47,38,6.59,173.0,285.0,0.37,2143.0,402.0,0.18,1786.0,357.0,43.58,19.01,22.2,1315.0,373.0,-12.45
151,160,9,Dabur India,Dabur,FMCG,10079,11.31,9547,9.93,1693,82,17.19,16.80,31,1.54,1329.0,509.0,0.07,8274.0,214.0,14.41,7664.0,141.0,16.01,23.76,27.04,5070.0,183.0,-3.19
152,105,-47,Indiabulls Housing Finance,Sameer Gehlaut,NBFC,10030,-24.15,9998,-24.36,1202,115,-45.38,11.98,6939,NAP,17004.0,68805.0,4.69,84939.0,59.0,-10.79,16134.0,84.0,3.84,7.59,9.44,3480.0,230.0,-35.62
153,128,-25,Godrej & Boyce Mfg.,Godrej,Consumer durables,9994,-13.97,10140,-11.35,80,400,-52.72,0.80,215,30.20,529.0,2848.0,0.37,13399.0,167.0,14.1,10169.0,123.0,32.56,0.81,2.72,,,
154,161,7,Mphasis,MNC,IT services,9855,9.24,9722,9.94,1217,113,2.7,12.35,63,3.52,1062.0,513.0,0.09,7734.0,222.0,8.27,6527.0,161.0,11.96,19.7,22.77,15110.0,80.0,-19.90
155,136,-19,Rain Industries,Jagan Mohan Reddy Nellore,Chemicals,9763,-9.45,9433,-14.19,558,197,42.62,5.72,490,29.22,1800.0,8859.0,1.59,16150.0,153.0,13.02,5534.0,180.0,11.56,11.21,8.92,,,
156,,RE 2019,Honda Cars India,MNC,Auto,9683,-7.94,9383,-12.74,-1588,487,5.07,NAP,101,-10.48,1005.0,2682.0,2.65,3687.0,326.0,-33.46,236.0,479.0,-87.0,0.0,0.0,,,
157,173,16,SIS,RK Sinha & Associates,Services,9603,12.41,9127,7.57,365,256,62.07,3.81,127,52.04,1088.0,1356.0,0.8,3422.0,337.0,4.61,1831.0,354.0,31.86,35.63,26.33,134306.0,9.0,-0.85
158,168,10,Cholamandalam Investment & Finance Company,Murugappa Chettiar,NBFC,9584,10.0,9583,10.0,1521,93,44.33,15.87,4576,NAP,5280.0,63730.0,6.67,73330.0,66.0,16.02,9600.0,127.0,17.07,17.09,9.7,7620.0,135.0,-3.21
159,170,11,Alkem Laboratories,Samprada Singh,Pharma,9432,8.68,8865,6.24,1585,88,40.63,16.80,59,3.03,1990.0,1707.0,0.25,9588.0,202.0,16.32,7377.0,148.0,19.74,23.9,21.72,15357.0,77.0,7.16
160,149,-11,Eicher Motors,Siddhartha Lal,Auto,9411,-2.43,8720,-4.73,1347,98,-26.3,14.31,16,0.92,5830.0,219.0,0.02,11881.0,181.0,14.79,11438.0,116.0,14.6,12.58,16.33,5005.0,189.0,2.16
161,159,-2,National Aluminium Company,Govt of India,Metals,9108,-0.02,8956,5.71,1299,103,853.84,14.27,7,0.40,1750.0,46.0,0.0,11811.0,182.0,9.57,10679.0,119.0,6.93,12.58,11.72,5805.0,168.0,-6.42
162,167,5,JK Tyre & Industries,Hari S. Singhania,Auto ancillaries,9082,3.58,9102,4.35,319,277,111.82,3.52,466,35.74,174.0,4656.0,2.04,8245.0,215.0,-4.95,2673.0,286.0,14.64,13.33,11.96,5938.0,163.0,-6.09
163,158,-5,Polycab India,Jaisinghani,Consumer durables,8996,-1.79,8927,1.09,882,142,16.21,9.81,53,4.56,531.0,249.0,0.05,5103.0,280.0,25.04,4754.0,198.0,23.92,20.63,24.44,4651.0,193.0,-0.94
164,NAP,NEW,Kalyan Jewellers India,TS Kalyanaraman,Gems & jewellery,8987,-12.39,8573,-15.12,-6,436,0.0,NAP,405,64.94,1097.0,3378.0,1.41,6851.0,237.0,5.46,2826.0,279.0,38.39,-0.25,6.66,7230.0,140.0,
165,180,15,Marico,Harsh Mariwala,FMCG,8960,11.43,8849,9.83,1172,119,14.79,13.08,34,2.21,944.0,351.0,0.11,3756.0,322.0,6.13,3240.0,258.0,7.18,38.29,42.87,1629.0,348.0,-3.27
166,190,24,Uflex,Ashok Chaturvedi,Packaging,8947,19.59,8891,20.07,843,146,127.92,9.42,229,12.71,659.0,4041.0,0.75,9640.0,201.0,15.16,5557.0,179.0,18.3,16.46,15.23,6436.0,149.0,1.19
167,NAP,NEW,Serum Institute of India,Cyrus Poonawalla,Pharma,8851,48.21,7201,32.23,3891,41,72.86,43.96,43,1.01,1757.0,196.0,0.01,22491.0,132.0,24.19,21839.0,67.0,21.81,16.24,20.28,,,
168,164,-4,Jammu and Kashmir Bank,Govt of India,Banks,8833,-1.36,8111,-3.97,428,238,0.0,4.85,4340,NAP,9504.0,110063.0,0.0,116865.0,48.0,10.09,5830.0,174.0,8.97,7.66,0.38,12307.0,90.0,4.83
169,,RE 2014,Kama Holdings,ABR Trust,NBFC,8742,17.65,8468,16.48,606,184,14.28,6.93,133,NAP,359.0,3458.0,1.16,10593.0,190.0,14.23,3756.0,226.0,34.25,36.51,24.72,,,
170,181,11,APL Apollo Tubes,Rahul Gupta,Metals,8598,9.1,8500,10.05,360,258,51.35,4.19,66,9.74,358.0,520.0,0.44,2446.0,387.0,3.22,1695.0,365.0,24.96,26.73,26.7,2017.0,323.0,52.34
171,171,0,Export-Import Bank of India,Govt of India,NBFC,8576,-0.89,7980,-3.23,254,312,105.08,2.96,5418,NAP,14492.0,109617.0,0.0,127456.0,47.0,4.93,17839.0,79.0,9.46,1.49,0.0,345.0,429.0,
172,162,-10,Aster DM Healthcare,Azad Moopen,Healthcare,8550,-4.13,8608,-0.5,148,368,-46.59,1.73,334,30.25,281.0,4804.0,1.57,9069.0,206.0,-7.68,3372.0,250.0,3.07,11.78,8.82,3695.0,221.0,-82.48
173,166,-7,South Indian Bank,Diversified*,Banks,8491,-3.62,7305,-5.9,62,412,-40.81,0.73,4899,NAP,8768.0,86819.0,0.0,92628.0,57.0,-2.91,5492.0,181.0,6.52,1.16,0.07,8314.0,121.0,-2.99
174,144,-30,Rashtriya Chemicals & Fertilizers,Govt of India,Fertilisers & agrochem,8452,-8.37,8281,-14.61,375,253,81.19,4.44,181,24.69,1520.0,2067.0,1.06,5868.0,254.0,-30.77,3333.0,253.0,4.86,11.53,9.76,2845.0,264.0,-5.83
175,176,1,Reliance Power,Reliance ADA,Power,8420,2.65,7934,4.92,229,330,0.0,2.72,2539,71.01,315.0,25635.0,2.26,41451.0,96.0,-5.82,12246.0,110.0,3.18,3.76,7.21,8191.0,123.0,-0.51
176,142,-34,HCC,Ajit Gulabchand,Construction,8417,-14.82,8248,-12.66,-610,479,0.0,NAP,1001,854.07,1262.0,4777.0,0.0,5157.0,275.0,3.87,-1318.0,492.0,-73.55,0.0,0.0,1163.0,384.0,-15.72
177,177,0,Torrent Pharmaceuticals,Sudhir Mehta,Pharma,8341,1.79,8005,0.83,1252,107,22.17,15.01,358,14.41,604.0,4825.0,1.0,11067.0,186.0,0.02,5837.0,173.0,21.02,23.49,17.03,12531.0,89.0,-2.72
178,174,-4,DCM Shriram,DCM Shriram,Diversified,8331,-0.59,8610,6.88,673,170,-6.06,8.08,122,10.59,1334.0,1452.0,0.41,6407.0,244.0,-2.42,4648.0,203.0,14.78,15.46,15.6,5323.0,176.0,-2.49
179,154,-25,United Spirits,MNC,FMCG,8071,-13.62,8131,-12.8,384,251,-41.78,4.75,188,19.67,84.0,1037.0,0.46,5115.0,277.0,-18.61,4120.0,217.0,10.51,5.74,8.94,3261.0,239.0,-3.58
180,163,-17,NCC,AVS Raju & Associates,Construction,8018,-10.75,7949,-10.69,268,304,-20.27,3.35,480,52.94,505.0,2062.0,0.42,7608.0,225.0,0.2,5171.0,191.0,5.4,5.62,11.5,4881.0,191.0,-4.56
181,NAP,NEW,Gemini Edibles & Fats India,MNC,FMCG,7968,21.7,7766,18.19,571,191,207.11,7.16,30,4.14,1374.0,798.0,0.59,2423.0,389.0,32.57,1625.0,371.0,53.97,42.6,37.43,672.0,408.0,
182,NAP,NEW,G R Infraprojects,VK Agarwal & Associates,Construction,7911,23.11,7844,23.09,953,139,19.03,12.05,362,19.57,831.0,4525.0,1.1,8516.0,212.0,36.27,3980.0,221.0,31.48,27.21,22.85,16333.0,72.0,
183,165,-18,Punjab & Sind Bank,Govt of India,Banks,7877,-10.77,6974,-12.05,-2733,489,0.0,NAP,4712,NAP,8339.0,98752.0,0.0,107115.0,54.0,8.77,7445.0,147.0,59.34,0.0,-2.66,8832.0,111.0,
184,195,11,Deutsche Bank,MNC,Banks,7751,4.94,6432,-3.34,1527,91,48.09,19.70,2214,NAP,12848.0,93879.0,0.0,113250.0,49.0,24.62,19371.0,76.0,14.02,8.4,1.5,,,
185,182,-3,Karnataka Bank,Diversified*,Banks,7727,-0.12,6232,-3.74,482,216,11.74,6.24,4049,NAP,5316.0,77419.0,0.0,84062.0,61.0,2.74,6177.0,167.0,12.3,8.26,0.58,8421.0,120.0,-1.03
186,187,1,Whirlpool of India,MNC,Consumer durables,7691,0.59,7481,2.95,352,265,-28.23,4.57,15,2.96,2063.0,0.0,3156.0,346.0,13.01,2858.0,277.0,11.5,12.98,16.31,2679.0,273.0,42.27,
187,210,23,Biocon,Kiran Mazumdar Shaw,Pharma,7663,13.86,7106,12.78,741,159,-1.03,9.66,58,3.67,2015.0,4481.0,0.5,15685.0,158.0,32.75,7626.0,143.0,13.74,11.81,8.68,13609.0,85.0,7.93
188,169,-19,Varun Beverages,Ravi Jaipuria,FMCG,7609,-12.57,7555,-11.25,329,273,-29.85,4.32,294,25.59,190.0,3216.0,0.97,7034.0,234.0,1.25,3524.0,239.0,5.88,12.15,10.42,7808.0,127.0,-8.89
189,209,20,Ceat,RPG,Auto ancillaries,7595,11.53,7610,12.26,432,237,86.83,5.69,179,18.77,43.0,1533.0,0.57,4930.0,284.0,-3.48,3316.0,255.0,14.04,13.89,13.27,7529.0,137.0,16.30
190,204,14,Welspun India,BK Goenka,Textiles,7565,8.57,7340,8.89,540,201,6.37,7.13,198,14.61,399.0,2940.0,0.98,7014.0,235.0,2.67,3645.0,231.0,22.63,16.65,14.14,20430.0,58.0,-6.28
191,194,3,Pidilite Industries,BK Parekh,FMCG,7494,0.93,7293,-0.02,1131,123,1.32,15.09,37,2.22,451.0,331.0,0.06,6236.0,246.0,24.26,5593.0,178.0,25.53,22.41,28.89,6376.0,152.0,5.15
192,186,-6,Gujarat State Fertilizers & Chem,Govt of Gujarat,Fertilisers & agrochem,7494,-2.57,7634,-2.1,450,230,310.74,6.01,43,7.53,248.0,35.0,0.1,9929.0,200.0,7.64,9240.0,131.0,34.67,5.59,6.04,3628.0,227.0,13.80
193,179,-14,Voltas,Tata,Consumer durables,7465,-8.86,7556,-1.34,525,204,1.54,7.03,26,4.51,459.0,261.0,0.05,5406.0,270.0,16.15,4993.0,195.0,16.66,11.4,14.72,2617.0,279.0,-5.76
194,,RE 2018,Nuvoco Vistas Corporation,Nirma,Cement,7396,7.32,7489,10.24,-26,439,0.0,NAP,664,45.47,528.0,7792.0,0.98,15261.0,160.0,53.92,7324.0,149.0,38.73,-0.2,5.46,3846.0,215.0,
195,208,13,Amara Raja Batteries,RN Galla,Auto ancillaries,7305,6.77,7150,4.54,647,175,-2.11,8.85,11,0.94,176.0,92.0,0.02,4457.0,296.0,14.81,4210.0,214.0,15.17,16.45,21.2,7595.0,136.0,-0.59
196,189,-7,Hudco,Govt of India,NBFC,7278,-3.88,7267,-3.97,1579,89,-7.59,21.69,4765,NAP,1427.0,60978.0,4.79,74166.0,65.0,0.52,13188.0,100.0,6.85,12.37,9.45,753.0,403.0,-44.79
197,211,14,Prestige Estates Projects,Irfan Razack,Real estate,7182,8.41,7264,-10.59,1456,95,261.25,20.28,990,50.84,2401.0,3840.0,1.08,14445.0,166.0,-9.02,6675.0,159.0,24.53,7.0,10.46,7763.0,129.0,-11.44
198,156,-42,JSW Energy,Om Prakash Jindal,Power,7177,-22.16,6922,-16.32,795,152,-27.68,11.08,896,30.81,479.0,8343.0,0.7,23630.0,129.0,7.77,14507.0,93.0,24.57,6.29,8.75,482.0,420.0,-9.40
199,229,30,Divis Laboratories,Murali K Divi,Pharma,7111,24.97,6969,29.2,1984,74,44.15,27.91,2,0.07,2156.0,5.0,0.0,9325.0,204.0,26.53,9295.0,130.0,27.15,23.9,31.97,16818.0,69.0,238.80
200,214,14,Berger Paints India,Dhingra Brothers,FMCG,7056,9.34,6818,7.1,720,162,9.42,10.20,44,3.73,440.0,634.0,0.23,4092.0,308.0,17.61,3377.0,248.0,26.94,23.84,27.07,3814.0,216.0,5.94
201,222,21,Escorts,Nikhil Nanda,Auto,7045,19.14,7014,20.73,871,143,84.53,12.37,13,1.18,1322.0,61.0,0.01,5187.0,274.0,60.48,5026.0,194.0,61.23,21.41,27.76,11058.0,94.0,181.95
202,175,-27,NBCC (India),Govt of India,Construction,6976,-15.42,6832,-15.52,222,333,183.52,3.18,15,11.87,5703.0,0.0,2230.0,394.0,9.5,1637.0,370.0,12.89,15.3,15.3,1496.0,361.0,-11.95,
203,155,-48,GMR Infrastructure,GM Rao,Infrastructure,6847,-25.88,6065,-27.76,-2797,490,0.0,NAP,3172,NAP,6413.0,36858.0,0.0,41481.0,95.0,10.02,-1718.0,494.0,30.12,0.0,0.0,216.0,433.0,-16.28
204,207,3,Concor,Govt of India,Logistics,6826,-1.44,6525,-1.49,505,211,25.18,7.40,43,4.48,2493.0,64.0,0.01,11087.0,185.0,4.42,10187.0,121.0,1.4,5.44,7.35,1400.0,367.0,-1.82
205,201,-4,Birla Corporation,MP Birla,Cement,6810,-3.48,6785,-1.88,630,178,24.74,9.25,296,23.15,177.0,4046.0,0.96,10446.0,192.0,6.25,4662.0,201.0,17.03,15.93,11.6,7212.0,141.0,-2.70
206,221,15,J K Cements,Hari S. Singhania,Cement,6707,12.44,6606,13.87,710,163,44.13,10.58,253,16.43,1225.0,3626.0,1.05,7780.0,221.0,12.55,3737.0,228.0,23.42,20.79,18.26,3751.0,219.0,1.98
207,205,-2,Endurance Technologies,Anurag Jain,Auto ancillaries,6594,-5.29,6547,-5.36,520,206,-8.1,7.88,14,1.34,513.0,641.0,0.21,4286.0,303.0,11.46,3562.0,236.0,18.5,15.82,16.25,3800.0,217.0,-7.07
208,134,-74,Jaiprakash Associates,Jaiprakash Gaur,Construction,6536,-41.06,6406,-8.95,-662,481,0.0,NAP,1001,142.34,665.0,19146.0,10.37,27240.0,121.0,-0.4,1562.0,380.0,-28.4,0.0,0.0,6252.0,156.0,-9.59
209,199,-10,Karur Vysya Bank,Diversified*,Banks,6527,-8.64,5470,-8.67,359,260,52.92,5.51,3111,NAP,6320.0,65807.0,0.0,72766.0,67.0,8.83,6960.0,156.0,5.45,5.3,0.51,7746.0,131.0,5.20
210,178,-32,Bharat Forge,Baba Kalyani,Auto ancillaries,6525,-20.35,6336,-21.35,-126,453,0.0,NAP,108,20.50,473.0,5271.0,0.92,11254.0,184.0,12.94,5415.0,184.0,3.74,4.17,3.11,4394.0,198.0,-4.54
211,212,1,Bajaj Hindusthan Sugar,Shishir Bajaj,FMCG,6495,-1.9,6666,-0.05,-291,471,0.0,NAP,264,161.74,83.0,5402.0,2.15,7892.0,220.0,-4.84,2372.0,305.0,-12.05,0.0,0.0,7621.0,134.0,2.78
212,236,24,Minda Industries,Nirmal Minda,Auto ancillaries,6488,3.31,6374,2.44,207,341,33.16,3.18,74,10.16,238.0,1163.0,0.6,3951.0,317.0,7.79,2257.0,317.0,21.25,10.89,11.34,3860.0,214.0,-0.90
213,280,67,Dixon Technologies (India),Sunil Vachani,Consumer durables,6433,44.3,6448,46.55,160,361,32.61,2.48,33,11.21,69.0,156.0,0.19,1033.0,479.0,42.66,737.0,453.0,36.2,24.99,28.43,1934.0,329.0,63.21
214,185,-29,Shree Renuka Sugars,MNC,FMCG,6428,-17.72,5649,15.72,-115,451,0.0,NAP,384,111.21,87.0,4432.0,0.0,3825.0,321.0,70.22,-1621.0,493.0,17.84,0.0,0.0,1979.0,325.0,10.56
215,257,42,AU Small Finance Bank,Sanjay Agarwal,Banks,6402,28.24,4950,15.5,1171,120,73.49,18.29,2585,NAP,4781.0,43009.0,0.0,49284.0,86.0,20.57,6275.0,165.0,43.37,21.98,2.6,22484.0,48.0,31.39
216,234,18,Manappuram Finance,VP Nandakumar,NBFC,6375,14.83,6331,15.83,1724,80,17.48,27.05,2219,NAP,2912.0,23317.0,3.55,30671.0,114.0,6.4,7307.0,150.0,27.17,26.43,15.27,24101.0,43.0,16.19
217,152,-65,Jubilant Pharmova,Bhartia,Pharma,6370,-0.02,6099,2.05,836,147,-6.94,13.12,184,13.39,671.0,2830.0,0.74,7692.0,223.0,-27.24,4741.0,199.0,-15.39,16.15,14.42,,,
218,188,-30,Apar Industries,Kushal Desai,Power services,6365,-16.34,6388,-13.97,161,360,18.76,2.52,157,35.94,222.0,325.0,0.27,1746.0,426.0,12.15,1409.0,393.0,20.81,12.46,22.1,1379.0,369.0,-13.16
219,227,8,Supreme Industries,MP Taparia,Plastics,6357,11.15,6357,15.34,978,136,109.27,15.39,10,0.74,768.0,27.0,0.09,3223.0,345.0,18.27,3169.0,262.0,40.16,36.02,41.08,5078.0,182.0,3.09
220,NAP,NEW,Emcure Pharmaceuticals,Satish Mehta,Pharma,6344,23.7,6056,19.96,392,247,369.02,6.18,198,17.33,524.0,2459.0,1.14,4998.0,283.0,6.65,2273.0,316.0,18.88,22.69,19.83,9186.0,107.0,
221,272,51,Tube Investments of India,Murugappa,NBFC,6302,34.96,6083,28.06,286,291,-6.54,4.54,47,NAP,576.0,1972.0,0.61,4516.0,293.0,103.34,2172.0,324.0,25.27,15.6,14.51,3120.0,247.0,-5.51
222,230,8,Hexaware Technologies,MNC,IT services,6297,12.23,6262,12.17,622,179,-3.09,9.87,52,4.96,1026.0,593.0,0.12,3972.0,316.0,33.87,3236.0,259.0,17.01,20.71,24.58,15879.0,75.0,
223,203,-20,Vardhman Textiles,Paul Oswal,Textiles,6295,-9.81,6140,-8.84,410,242,-29.02,6.51,113,13.92,212.0,2132.0,0.35,8777.0,209.0,4.13,6474.0,162.0,7.04,6.75,7.93,20916.0,57.0,-2.03
224,NAP,NEW,Shyam Metalics & Energy,MP Agarwal,Metals,6272,39.64,6297,43.89,843,145,147.87,13.45,62,4.48,324.0,796.0,0.3,4662.0,291.0,9.57,3634.0,232.0,28.57,26.11,25.09,5841.0,167.0,
225,NAP,NEW,PDS Multinational Fashions,Deepak Kumar Seth,Textiles,6256,-6.96,6213,-6.55,84,397,83.22,1.35,41,16.83,431.0,490.0,1.03,1268.0,464.0,-11.73,647.0,462.0,15.79,24.62,16.29,,,
226,133,-93,Welspun Corp,Balkrishan Gopiram Goenka,Metals,6232,-43.87,6440,-35.32,619,181,-2.62,9.93,68,8.86,240.0,829.0,0.27,4813.0,287.0,7.68,3794.0,225.0,17.98,16.37,17.6,2281.0,307.0,-15.27
227,,RE 2018,National Stock Exchange Of India,Diversified*,Financial services,6202,59.14,5625,60.35,3573,46,89.59,57.61,0.00,5161,0.0,15429.0,159.0,28.05,11636.0,114.0,34.97,35.28,44.35,1002.0,393.0,-8.99,,
228,217,-11,Shriram City Union Finance,Shriram,NBFC,6168,-1.14,6154,-1.27,1064,128,4.0,17.24,2357,NAP,5360.0,28746.0,3.41,37264.0,105.0,14.19,8388.0,134.0,12.99,13.63,11.01,24963.0,38.0,-13.02
229,NAP,NEW,Barclays Global Service Centre,MNC,IT services,6138,4.38,6045,3.72,570,192,14.93,9.29,152,12.84,673.0,861.0,0.84,3045.0,352.0,20.67,1005.0,427.0,15.81,60.92,32.27,,,
230,256,26,Balkrishna Industries,Arvind Poddar,Auto ancillaries,6099,21.92,5783,20.2,1178,117,22.7,19.31,12,0.65,78.0,1001.0,0.18,7061.0,232.0,17.68,6000.0,170.0,19.8,21.39,23.99,2861.0,262.0,0.95
231,264,33,IIFL Finance,Nirmal Jain & Associates,NBFC,5989,21.58,5857,20.84,760,157,51.47,12.69,2638,NAP,4784.0,32583.0,5.97,37977.0,103.0,15.92,5388.0,185.0,13.18,15.0,10.3,20039.0,59.0,-11.21
232,183,-49,Mahindra CIE Automotive,MNC,Auto ancillaries,5978,-23.86,6050,-23.49,106,385,-69.93,1.78,55,10.93,238.0,1648.0,0.33,7207.0,229.0,10.59,4908.0,197.0,5.92,2.23,3.64,4165.0,207.0,-4.54
233,193,-40,ABB India,MNC,Engineering,5965,-19.79,5821,-20.43,219,334,-27.75,3.67,25,9.04,2207.0,0.0,3657.0,327.0,2.08,3606.0,234.0,2.45,4.91,7.12,3255.0,240.0,-1.33,
234,197,-37,DLF,KP Singh,Real Estate,5945,-17.76,5414,-10.99,1094,127,0.0,18.40,853,64.57,1407.0,6563.0,0.21,43531.0,94.0,-1.34,35344.0,47.0,2.6,1.57,4.14,587.0,413.0,-6.38
235,216,-19,Jain Irrigation Systems,Bhavarlal Jain,Plastics,5922,-1.94,5992,-3.66,-396,473,44.68,NAP,746,237.56,466.0,6931.0,2.19,10169.0,195.0,-6.87,2968.0,272.0,-14.5,-16.2,-0.09,8568.0,114.0,-11.35
236,226,-10,PNC Infratech,PK Jain,Construction,5903,2.05,5788,3.3,497,213,-9.55,8.43,426,30.05,945.0,4188.0,1.37,8393.0,213.0,11.27,3053.0,268.0,19.53,17.72,14.69,8564.0,115.0,17.15
237,245,8,Kansai Nerolac Paints,MNC,FMCG,5900,0.53,5756,-2.32,530,202,1.68,8.98,24,2.75,125.0,173.0,0.04,4340.0,300.0,8.14,4053.0,219.0,7.78,13.46,17.75,2889.0,261.0,-3.44
238,275,37,Deepak Fertilizers,CK Mehta,Fertilisers & agrochem,5773,24.4,5808,23.97,400,246,358.76,6.93,188,19.65,246.0,2593.0,1.15,5504.0,262.0,3.89,2703.0,283.0,23.93,16.65,14.56,1945.0,328.0,
239,115,-124,Macrotech Developers,MP Lodha,Real estate,5772,-54.05,5449,-56.21,40,422,-94.48,0.70,1136,123.53,367.0,18193.0,4.42,23759.0,128.0,-0.67,4169.0,215.0,1.13,-21.76,7.1,2717.0,269.0,
240,247,7,Hatsun Agro Product,RG Chandramogan,FMCG,5726,9.2,5570,4.92,246,316,119.43,4.30,110,14.18,39.0,1622.0,1.59,2652.0,374.0,12.94,1022.0,426.0,12.94,25.58,18.98,4142.0,208.0,-14.84
241,252,11,Hinduja Global Solutions,Hinduja,IT services,5671,11.95,5589,12.08,336,270,66.41,5.93,88,11.65,536.0,394.0,0.26,3367.0,339.0,3.48,2085.0,332.0,21.25,17.67,16.11,13791.0,83.0,9.72
242,NAP,NEW,RPSG Ventures (#),RP - Sanjiv Goenka,IT services,5665,21.81,5599,21.5,-96,449,0.0,NAP,107,18.31,167.0,1708.0,0.81,5221.0,272.0,-7.02,2159.0,325.0,-7.2,3.17,11.35,,,
243,NAP,NEW,Lava International,"Hari Om Rai, Shailendra Nath Rai, Sunil Bhalla and Vishal Sehgal",Telecom (Ancillaries),5653,10.39,5513,4.72,173,351,60.19,3.05,29,11.90,185.0,103.0,0.07,1714.0,428.0,5.68,1584.0,375.0,12.9,11.56,12.71,1777.0,335.0,
244,261,17,Ipca Laboratories,Premchand Godha,Pharma,5653,16.26,5395,16.8,1140,122,88.02,20.17,12,0.80,365.0,265.0,0.09,5022.0,281.0,20.26,4702.0,200.0,29.61,27.4,30.39,14574.0,82.0,3.61
245,NAP,NEW,Sony Pictures Networks India,MNC,Media & entertainment,5640,-5.24,5527,-4.4,564,194,-42.25,9.99,9,0.82,1480.0,0.0,6837.0,238.0,9.98,6272.0,166.0,9.83,9.41,14.74,,,,
246,263,17,Alembic Pharmaceuticals,Chirayu Amin,Pharma,5597,16.09,5393,17.1,1178,116,42.14,21.05,16,1.03,106.0,500.0,0.27,5724.0,258.0,12.55,5128.0,193.0,59.27,26.71,25.4,12160.0,91.0,5.04
247,231,-16,Surya Roshni,JP Agarwal,Consumer durables,5550,-0.36,5561,1.65,158,362,54.37,2.85,70,18.42,1.0,717.0,0.69,2156.0,401.0,-10.13,1367.0,396.0,10.33,12.15,12.35,3407.0,233.0,-2.32
248,,RE 2019,Renault India,MNC,Auto,5513,-22.05,5737,-11.84,-160,459,85.88,NAP,56,-42.47,696.0,450.0,0.81,1055.0,478.0,-24.2,571.0,466.0,-21.91,0.0,0.0,,,
249,,RE 2018,India Yamaha Motor,MNC,Auto,5509,-13.53,5323,-14.77,-6,434,0.0,NAP,63,19.10,3.0,519.0,0.32,2720.0,369.0,-9.55,2024.0,335.0,-0.26,0.0,0.0,,,
250,200,-50,IRB Infrastructure Developers,Virendra Mhaiskar,Infrastructure,5488,-22.76,5299,-22.67,117,380,-83.75,2.13,1697,72.17,2339.0,18605.0,2.05,38026.0,102.0,27.54,6901.0,157.0,3.26,1.72,5.77,6198.0,157.0,-1.37
251,310,59,Gokul Agro Resources,KJ Thakkar,FMCG,5469,46.71,5552,46.0,45,418,132.88,0.82,62,43.32,234.0,199.0,0.73,546.0,496.0,-4.83,300.0,476.0,17.52,16.08,22.79,549.0,415.0,4.17
252,218,-34,Prism Johnson,Rajan Raheja,Cement,5442,-10.24,5587,-6.2,171,352,1605.48,3.15,217,34.80,545.0,1928.0,1.87,4015.0,313.0,-5.99,1242.0,406.0,15.07,12.1,9.63,5195.0,180.0,-4.12
253,220,-33,ISGEC Heavy Engineering,Ranjit Puri,Engineering,5368,-10.16,5365,-8.32,248,315,71.51,4.62,64,15.76,179.0,983.0,0.52,3397.0,338.0,9.35,2022.0,336.0,13.27,13.3,13.23,3168.0,245.0,-25.86
254,233,-21,Ircon International,Govt of India,Engineering,5327,-4.1,5342,-0.91,391,248,-19.41,7.34,23,4.72,3446.0,331.0,0.04,5490.0,264.0,10.92,4403.0,210.0,5.56,9.12,11.51,1298.0,374.0,-5.19
255,73,-182,Future Retail,Kishore Biyani,Retail,5317,-74.16,6304,-68.99,-3190,491,0.0,NAP,1471,-257.36,73.0,12204.0,4.36,13375.0,168.0,-11.33,1094.0,419.0,-73.85,0.0,0.0,21839.0,53.0,-30.05
256,268,12,Sundaram Finance,TVS Iyengar,NBFC,5317,12.2,5292,12.44,1165,121,47.19,21.91,2659,NAP,789.0,36461.0,5.03,45912.0,90.0,4.17,7730.0,139.0,15.78,13.91,9.19,4036.0,210.0,-4.20
257,243,-14,Gujarat Narmada Valley Fertilizers & Chemicals,Govt of Gujarat,Fertilisers & agrochem,5297,-1.06,5129,-0.65,697,165,37.19,13.16,20,1.99,1451.0,4.0,0.08,7036.0,233.0,-1.76,6068.0,169.0,14.51,12.13,13.64,2504.0,287.0,2.71
258,238,-20,The Ramco Cements,P.R. Venketrama Raja,Cement,5275,-3.57,5291,-1.82,784,154,29.71,14.86,88,5.66,144.0,3110.0,0.57,8891.0,208.0,10.09,5732.0,175.0,14.6,14.23,14.53,3374.0,234.0,1.41
259,NAP,NEW,Daimler India Commercial Vehicles,MNC,Auto,5271,-6.77,5271,-8.17,-426,474,0.0,NAP,107,113.48,536.0,174.0,0.46,3228.0,344.0,-26.18,2841.0,278.0,35.69,0.0,0.0,,,
260,223,-37,Sterling & Wilson Solar,Shapoorji Pallonji,Power - Renewables,5239,-10.88,5081,-8.87,-285,469,0.0,NAP,105,-27.84,291.0,479.0,0.98,1163.0,469.0,-49.88,662.0,458.0,-38.77,-33.28,-13.45,1523.0,358.0,18.43
261,,RE 2018,Indraprastha Gas,Govt of India,Oil & gas,5182,-23.6,4941,-23.82,1173,118,-6.12,22.63,22,1.47,1132.0,113.0,0.02,6489.0,243.0,18.4,6334.0,164.0,18.22,20.06,24.13,707.0,405.0,0.57
262,249,-13,Ashoka Buildcon,Parakh & Katariya,Construction,5139,-0.48,4992,-1.55,276,296,67.08,5.37,970,63.15,631.0,6716.0,12.53,10647.0,189.0,8.56,619.0,463.0,49.49,28.79,13.41,2517.0,285.0,-14.71
263,355,92,Laurus Labs,Satyanarayana Chava,Pharma,5134,68.12,4814,69.99,984,135,285.31,19.16,68,4.40,48.0,1482.0,0.59,4301.0,301.0,45.7,2598.0,294.0,46.77,45.05,37.78,4492.0,196.0,18.55
264,295,31,L T Foods,Gurucharan Dass Arora,FMCG,5133,25.94,4644,12.32,274,299,48.54,5.34,87,15.83,30.0,1570.0,1.03,3473.0,333.0,2.84,1755.0,361.0,18.51,17.86,14.72,2000.0,324.0,12.36
265,253,-12,Oracle Financial Services Software,MNC,IT services,5116,1.53,4984,2.52,1762,79,20.49,34.44,19,0.77,4914.0,70.0,0.01,7226.0,227.0,4.36,6849.0,158.0,4.25,26.26,35.28,7977.0,125.0,-0.30
266,NAP,NEW,Piramal Capital & Housing Finance,Ajay Piramal,NBFC,5088,-9.51,5082,-9.32,1034,133,3293.83,20.33,2828,NAP,4332.0,29867.0,1.41,51383.0,83.0,3.15,21487.0,69.0,5.06,4.93,8.63,,,
267,251,-16,Sterlite Technologies,Vedanta,IT services,5023,-1.34,4825,-6.39,275,298,-36.51,5.48,203,25.15,248.0,2944.0,1.41,5108.0,278.0,9.38,1987.0,339.0,3.52,13.58,12.1,2514.0,286.0,-0.20
268,276,8,Polyplex Corporation,Sanjiv Saraf,Packaging,5020,8.54,4918,9.61,512,209,81.47,10.19,18,1.44,952.0,691.0,0.24,5522.0,261.0,4.81,3053.0,267.0,0.79,28.34,26.29,933.0,396.0,2.19
269,196,-73,Arvind,Sanjay Lalbhai,Textiles,4963,-32.56,5073,-31.16,-17,438,0.0,NAP,239,54.22,52.0,2121.0,0.88,4999.0,282.0,-9.7,2719.0,282.0,0.4,-0.38,4.52,24774.0,39.0,-12.26
270,258,-12,Bajaj Electricals,Shekhar Bajaj,Consumer durables,4925,-0.4,4585,-8.07,191,348,0.0,3.87,51,16.81,62.0,548.0,0.56,2226.0,395.0,-12.25,1578.0,377.0,17.06,12.91,12.48,2956.0,257.0,-1.70
271,270,-1,Crompton Greaves Consumer Electricals,MNC,Consumer durables,4918,4.52,4804,6.27,617,182,24.23,12.54,43,5.96,604.0,479.0,0.24,2432.0,388.0,32.36,1931.0,344.0,31.54,36.28,35.91,1853.0,332.0,4.63
272,248,-24,Team Lease Services,"Sabharwal, Reddy",Services,4916,-6.03,4881,-6.14,78,403,121.56,1.58,7,7.31,289.0,23.0,0.12,771.0,489.0,-0.18,652.0,461.0,13.97,12.82,12.39,2328.0,302.0,53.46
273,267,-6,Balrampur Chini Mills,Vivek Saraogi,FMCG,4914,3.33,4812,1.48,480,218,-7.62,9.76,39,5.51,3.0,1240.0,0.54,3875.0,318.0,-1.14,2619.0,290.0,8.42,19.06,16.64,5920.0,164.0,-1.69
274,224,-50,Thermax,"Anu Aga, Meher Pudumjee",Engineering,4911,-15.99,4791,-16.4,207,342,-2.76,4.21,21,6.82,1939.0,317.0,0.09,3724.0,323.0,10.8,3251.0,257.0,7.38,7.82,9.85,3627.0,228.0,0.72
275,278,3,Colgate-Palmolive (India),MNC,FMCG,4895,6.52,4841,6.99,1035,132,26.81,21.15,7,0.48,868.0,91.0,0.07,1290.0,462.0,-26.13,1166.0,412.0,-26.87,75.03,89.42,2392.0,298.0,2.93
276,262,-14,City Union Bank,Diversified*,Banks,4839,-0.19,4135,-0.81,593,187,24.46,12.25,2305,NAP,5615.0,45883.0,0.0,51726.0,81.0,7.4,5842.0,172.0,10.32,10.64,1.19,5843.0,166.0,1.78
277,306,29,Gujarat Ambuja Exports,Manish Kumar Gupta,FMCG,4835,26.14,4705,23.29,338,269,131.81,6.99,6,1.08,98.0,163.0,0.11,1832.0,422.0,22.16,1657.0,368.0,24.89,22.67,27.5,2649.0,277.0,-14.27
278,333,55,P I Industries,Mayank Singhal,Fertilisers & agrochem,4807,40.62,4577,35.96,738,160,61.7,15.36,34,3.34,1620.0,328.0,0.11,5736.0,257.0,77.4,5342.0,188.0,103.98,18.55,21.69,2963.0,256.0,7.78
279,241,-38,Zee Entertainment Enterprises,Essel,Media & entertainment,4776,-11.55,7730,-4.92,800,151,51.97,16.75,57,3.89,1091.0,505.0,0.04,10767.0,187.0,6.13,10095.0,124.0,8.03,9.0,13.9,3338.0,237.0,-2.65
280,235,-45,Cummins India,MNC,Auto ancillaries,4768,-13.86,4360,-16.01,635,177,-10.0,13.32,17,2.88,965.0,40.0,0.06,4794.0,288.0,-4.98,4651.0,202.0,5.66,14.03,17.11,3237.0,241.0,-6.09
281,279,-2,JK Lakshmi Cement,Hari S. Singhania,Cement,4731,5.21,4727,8.33,405,244,63.43,8.57,192,21.31,372.0,1653.0,0.96,4193.0,306.0,2.67,2095.0,331.0,24.16,22.27,18.1,1677.0,344.0,-5.20
282,157,-125,Aditya Birla Fashion & Retail,Aditya Birla,Retail,4707,-48.92,5249,-40.27,-673,482,0.0,NAP,530,91.10,262.0,3599.0,2.39,6978.0,236.0,4.85,2644.0,288.0,147.57,0.0,0.0,22351.0,49.0,-11.82
283,285,2,Coforge,MNC,IT services,4695,10.44,4663,11.45,456,227,2.61,9.70,14,1.88,812.0,1.0,0.01,2642.0,376.0,0.23,2466.0,301.0,2.9,19.17,23.13,8445.0,119.0,8.31
284,255,-29,AGC Networks,Essar,IT services,4695,-5.92,4674,-6.41,78,401,0.0,1.66,98,35.18,410.0,328.0,30.2,731.0,492.0,-12.67,207.0,480.0,217.36,112.44,29.55,381.0,426.0,-89.11
285,232,-53,Mazagon Dock Shipbuilders,Govt of India,Logistics (ship building),4622,-15.4,4048,-17.47,514,208,9.21,11.12,11,10.76,8028.0,0.0,4356.0,299.0,-2.79,3432.0,243.0,12.17,16.9,16.76,3686.0,222.0,-44.34,
286,265,-21,Trident,Rajinder Gupta,Textiles,4562,-4.5,4531,-4.17,304,283,-10.39,6.67,72,9.12,119.0,1562.0,0.56,4891.0,286.0,-2.43,3328.0,254.0,10.16,9.59,9.5,16111.0,73.0,19.03
287,288,1,Aarti Industries,Chandrakant Gogri,Chemicals,4560,8.72,4506,7.64,523,205,-2.35,11.48,86,8.80,412.0,2844.0,0.76,6583.0,241.0,15.05,3502.0,241.0,17.6,16.52,12.31,7111.0,143.0,14.84
288,NAP,NEW,JSW Ispat Special Products,Sajjan Jindal,Metals,4536,68.07,4188,58.74,211,337,0.0,4.64,276,76.42,130.0,2570.0,2.15,4002.0,315.0,-3.5,867.0,442.0,34.06,-1.97,2.09,2104.0,319.0,-6.70
289,319,30,Bayer CropScience,MNC,Fertilisers & agrochem,4508,24.66,4261,18.06,493,214,3.92,10.94,13,1.55,1210.0,0.0,2669.0,373.0,-1.08,2550.0,297.0,-0.86,19.25,30.08,1254.0,377.0,1.95,
290,283,-7,Triveni Engineering,Dhruv Sawhney,FMCG,4507,5.45,4674,5.35,295,288,-12.09,6.54,52,9.25,13.0,977.0,0.87,2605.0,378.0,-11.63,1556.0,382.0,16.21,20.36,18.42,3872.0,213.0,-4.30
291,292,1,Abbott India,MNC,Pharma,4495,8.41,4310,5.3,691,167,16.49,15.37,18,1.98,2409.0,153.0,0.07,2844.0,362.0,5.69,2602.0,293.0,7.01,27.44,34.11,3585.0,229.0,0.96
292,246,-46,India Cements,N Srinivasan,Cement,4474,-14.82,4511,-13.03,207,340,312.2,4.62,271,34.40,40.0,3034.0,0.59,8994.0,207.0,-4.12,5698.0,176.0,3.63,3.72,6.37,2036.0,321.0,-6.69
293,301,8,HFCL,Mahendra Nahata,Telecom (Ancillaries),4451,12.54,4423,15.21,239,321,5.18,5.37,176,32.28,306.0,942.0,0.47,2902.0,361.0,19.22,1916.0,346.0,14.85,13.74,19.25,1753.0,337.0,1.98
294,282,-12,KRBL,Anil Mittal,FMCG,4408,1.38,3992,-11.27,559,195,0.13,12.68,24,2.87,162.0,369.0,0.14,4071.0,309.0,9.82,3693.0,229.0,18.06,16.39,19.88,2296.0,305.0,2.78
295,286,-9,Deepak Nitrite,CK Mehta,Chemicals,4391,3.58,4360,3.07,776,155,26.97,17.67,77,6.19,33.0,590.0,0.43,2954.0,358.0,9.65,2347.0,308.0,49.29,39.6,39.63,1532.0,357.0,4.08
296,,RE 2019,Shirpur Gold Refinery,Essel,Gems & jewellery (refiner),4381,24.07,4371,22.94,-246,468,0.0,NAP,46,-22.79,24.0,510.0,5.09,489.0,499.0,-34.73,-23.0,487.0,-110.02,0.0,0.0,,,
297,213,-84,United Breweries,MNC,FMCG,4358,-33.25,4243,-34.81,113,382,-73.53,2.60,23,7.11,469.0,262.0,0.07,3861.0,319.0,1.5,3582.0,235.0,1.76,3.21,5.02,3070.0,249.0,-4.27
298,NAP,NEW,Oravel Stays,Ritesh Agarwal,Hospitality,4316,-67.82,3962,-69.91,-3382,492,68.06,NAP,560,-17.08,2799.0,3426.0,0.76,6184.0,247.0,-41.53,3384.0,247.0,-47.98,0.0,0.0,5130.0,181.0,
299,312,13,Persistent Systems,Anand Deshpande,IT Services,4296,16.16,4188,17.45,451,229,32.44,10.49,6,0.85,981.0,98.0,0.03,2918.0,360.0,17.89,2796.0,280.0,17.18,17.4,22.81,13680.0,84.0,28.67
300,240,-60,Blue Star,Ashok Advani,Consumer durables,4295,-20.65,4264,-20.46,100,390,-29.95,2.34,65,26.99,332.0,510.0,0.62,1418.0,454.0,6.79,885.0,437.0,13.14,8.68,12.54,2421.0,296.0,-10.47
301,316,15,Jindal Poly Films,Bhavesh Jindal,Packaging,4266,16.2,4082,15.14,791,153,61.85,18.54,61,5.56,314.0,916.0,0.52,4017.0,312.0,10.06,2642.0,289.0,42.47,35.18,28.75,1858.0,331.0,6.11
302,277,-25,Cyient,BVR Mohan Reddy & Associates,IT Services,4263,-7.34,4132,-6.66,364,257,6.22,8.53,43,7.53,1465.0,577.0,0.23,3702.0,325.0,8.1,2957.0,273.0,15.48,13.19,14.59,9325.0,104.0,-10.67
303,260,-43,Fortis Healthcare,MNC,Healthcare,4261,-13.57,4167,-12.85,-110,450,0.0,NAP,166,41.01,417.0,1531.0,0.24,9964.0,199.0,12.15,6120.0,168.0,-8.13,0.0,0.0,2680.0,272.0,1.36
304,307,3,Sonata Software,Rajan Raheja,IT services,4256,11.95,4228,12.95,244,318,-11.91,5.73,15,4.06,677.0,90.0,0.11,1097.0,474.0,25.92,905.0,434.0,35.21,30.98,37.34,3661.0,224.0,-3.71
305,299,-6,Tamilnad Mercantile Bank,Diversified*,Banks,4253,6.53,3609,4.12,603,185,47.99,14.18,2072,NAP,2705.0,40970.0,0.0,45550.0,92.0,10.75,4580.0,206.0,15.09,14.1,1.39,4288.0,201.0,
306,287,-19,Avanti Feeds,Indra Kumar Alluri,FMCG,4252,0.74,4101,-0.36,360,259,3.92,8.47,3,0.66,61.0,4.0,0.0,2010.0,409.0,24.6,1761.0,360.0,25.47,22.49,28.63,1092.0,388.0,0.74
307,427,120,Suzlon Energy,Tulsi Tanti,Power - Renewables,4221,66.74,3346,12.54,104,386,0.0,2.47,996,192.33,263.0,6925.0,0.0,3630.0,329.0,58.51,-3343.0,497.0,69.56,-18.99,2.15,1638.0,347.0,-9.00
308,342,34,Godawari Power & Ispat,BL Agrawal,Metals,4133,27.12,4072,23.82,638,176,282.77,15.45,154,12.53,60.0,896.0,0.76,3022.0,353.0,-6.01,2036.0,333.0,47.74,38.35,37.24,2656.0,275.0,0.00
309,254,-55,KEI Industries,Anil Gupta,Consumer durables,4096,-18.68,4182,-14.45,273,300,6.64,6.67,57,12.45,221.0,305.0,0.2,2116.0,403.0,11.42,1778.0,358.0,17.97,16.64,21.06,1819.0,334.0,-22.46
310,318,8,Gayatri Projects,SK Reddy,Construction,4039,11.15,3901,13.43,43,419,0.0,1.07,321,73.66,289.0,2123.0,2.23,4004.0,314.0,-6.86,953.0,431.0,4.72,4.63,8.64,2578.0,282.0,-5.57
311,269,-42,Bank of America,MNC,Banks,4000,-15.21,2823,-22.58,1227,111,2.25,30.67,851,NAP,13050.0,36556.0,0.0,50018.0,84.0,-13.41,13461.0,98.0,10.03,9.55,2.28,,,
312,NAP,NEW,Wonder Cement,Ashok Patni,Cement,3996,16.99,3948,17.47,387,249,-6.23,9.70,149,14.80,356.0,2046.0,1.42,3831.0,320.0,4.08,1654.0,369.0,24.59,25.99,19.08,,,
313,376,63,Wockhardt,Habil Khorakiwala,Pharma,3953,36.15,2708,-4.77,686,168,0.0,17.36,249,-121.20,292.0,2673.0,1.03,6518.0,242.0,-2.51,3377.0,249.0,26.39,27.48,13.01,2892.0,260.0,-43.36
314,303,-11,DCB Bank,AGA Khan Fund,Banks,3917,-0.3,3458,-2.22,336,271,-0.64,8.57,2172,NAP,3039.0,34186.0,0.0,37945.0,104.0,2.0,3527.0,238.0,10.75,10.01,0.89,6383.0,151.0,-6.02
315,,RE 2011,Bajaj Holdings & Investment,Bajaj,NBFC,3909,11.84,457,5.0,3650,44,21.99,93.37,4,NAP,83.0,136.0,0.0,44254.0,93.0,36.3,37167.0,43.0,33.87,11.26,11.56,,,
316,271,-45,Shipping Corporation of India,Govt of India,Logistics,3907,-16.92,3703,-16.32,696,166,106.87,17.82,22,1.90,1036.0,3679.0,0.54,11910.0,180.0,-3.29,8168.0,137.0,9.14,8.9,6.07,596.0,412.0,-7.74
317,289,-28,Atul,Sunil Lalbhai,Auto ancillaries,3902,-6.44,3731,-8.83,656,172,-1.61,16.81,9,1.02,348.0,127.0,0.03,4024.0,311.0,21.01,3827.0,224.0,21.29,18.91,24.43,2991.0,253.0,2.89
318,198,-120,Aegis Logistics,RK Chandaria,Logistics,3891,-46.1,3843,-46.49,223,331,124.3,5.74,17,4.47,336.0,416.0,0.19,2800.0,365.0,20.16,1936.0,342.0,17.03,13.88,14.32,443.0,421.0,3.50
319,382,63,Godrej Properties,Godrej,Real estate,3873,36.33,765,-68.67,-189,462,0.0,NAP,185,-41.13,673.0,4542.0,0.63,12998.0,172.0,52.28,8319.0,135.0,73.04,0.0,0.0,1933.0,330.0,27.51
320,367,47,Strides Pharma Science,Arun Kumar,Pharma,3873,31.08,3316,20.49,268,303,637.68,6.93,150,33.89,180.0,2348.0,0.86,5486.0,265.0,10.53,2777.0,281.0,9.86,8.14,7.59,2390.0,299.0,-8.36
321,391,70,Gland Pharma,MNC,Pharma,3871,39.28,3463,31.51,997,134,29.0,25.75,3,0.26,3006.0,4.0,0.0,5910.0,253.0,61.74,5903.0,171.0,61.9,20.88,27.99,3961.0,211.0,
322,329,7,Dhampur Sugar Mills,Vijay Kumar Goel,FMCG,3842,10.79,4157,19.29,229,328,5.86,5.97,80,17.55,80.0,1158.0,1.0,2760.0,367.0,-12.74,1560.0,381.0,14.57,15.67,13.34,2806.0,266.0,-10.84
323,370,47,Equitas Holdings,Diversified*,NBFC,3821,30.7,3735,29.8,473,221,131.29,12.39,1445,NAP,3379.0,21165.0,6.57,24836.0,124.0,22.84,3076.0,266.0,10.51,17.54,9.48,,,
324,284,-40,Zensar Technologies,RPG,IT services,3802,-10.88,3781,-9.57,300,286,13.9,7.89,54,8.42,699.0,0.07,2695.0,371.0,-4.51,2342.0,310.0,12.07,15.24,19.39,6878.0,146.0,-0.94,
325,281,-44,Schaeffler India,MNC,Auto ancillaries,3770,-14.48,3762,-13.73,291,290,-20.85,7.72,6,1.11,1246.0,0.0,3240.0,343.0,7.71,3140.0,263.0,6.01,9.54,12.91,2794.0,267.0,-1.83,
326,NAP,NEW,USV,Leena Gandhi Tewari,Pharma,3728,12.87,3591,14.34,1053,129,31.01,28.23,1,0.09,111.0,0.0,3723.0,324.0,27.96,3607.0,233.0,30.72,33.06,42.52,,,,
327,,RE 2019,Saraswat Co-operative Bank,Diversified*,Banks,3726,-0.59,3077,-4.83,270,302,7.76,7.25,2200,NAP,5733.0,41918.0,0.0,46914.0,88.0,5.69,4335.0,211.0,10.68,6.55,0.59,4242.0,205.0,-0.09
328,313,-15,Sundram Fasteners,TVS Iyengar,Auto ancillaries,3716,0.58,3644,-2.12,359,261,10.55,9.67,26,3.93,39.0,710.0,0.37,3088.0,348.0,4.99,2347.0,307.0,17.59,16.7,17.04,2968.0,255.0,-4.60
329,228,-101,PC Jeweller,Balram Garg,Gems & jewellery,3709,-34.56,2797,-45.93,62,411,-25.34,1.66,396,95.50,178.0,2414.0,0.59,6688.0,240.0,3.27,4269.0,212.0,6.65,1.5,6.14,1522.0,359.0,-12.98
330,,RE 2014,Brakes India,TVS,Auto ancillaries,3704,-6.28,3653,-6.88,168,353,-31.71,4.53,4,1.26,44.0,0.01,2669.0,372.0,4.57,2613.0,291.0,7.0,6.64,8.63,,,,
331,337,6,SJVN,Govt of India,Power,3648,10.21,2491,-8.1,1646,85,5.03,45.12,42,2.89,1306.0,2174.0,0.18,15977.0,156.0,4.97,12791.0,104.0,6.14,13.25,14.28,1423.0,365.0,-9.02
332,446,114,Motilal Oswal Financial Services,"Motilal Oswal, Raamdeo Agrawal",NBFC,3631,53.51,3626,53.8,1245,109,579.2,34.30,430,NAP,3497.0,5693.0,1.37,10181.0,194.0,31.37,4432.0,207.0,43.61,31.86,21.16,5902.0,165.0,41.26
333,357,24,P&G Hygiene and Health care,MNC,FMCG,3624,18.66,3574,19.06,652,174,50.5,17.99,6,0.69,660.0,0.0,797.0,488.0,-35.36,714.0,455.0,-38.31,69.63,86.28,424.0,423.0,,
334,335,1,BEML,Govt of India,Mining (equipment),3616,7.44,3557,17.56,69,406,7.91,1.91,39,28.61,5.0,743.0,0.24,4288.0,302.0,13.65,2214.0,319.0,-1.7,3.08,3.14,6053.0,161.0,-8.32
335,NAP,NEW,Equitas Small Finance Bank,Diversified*,Banks,3612,23.39,3194,20.75,384,250,57.7,10.64,1396,NAP,3379.0,20557.0,0.0,23954.0,125.0,28.32,3396.0,246.0,23.77,12.51,1.8,16556.0,71.0,2.79
336,324,-12,Jaiprakash Power Ventures,Jaiprakash Gaur,Power,3595,5.61,3302,0.55,267,306,0.0,7.43,579,49.99,306.0,5196.0,0.55,15891.0,157.0,-4.07,10282.0,120.0,2.83,1.6,4.79,1745.0,338.0,-1.19
337,NAP,NEW,Ashirvad Pipes,MNC,Plastics,3580,15.25,3503,19.77,461,223,35.71,12.87,7,0.99,291.0,77.0,0.07,1993.0,412.0,23.67,1852.0,352.0,32.96,28.4,35.99,,,
338,336,-2,Birlasoft,CK Birla,IT Services,3575,7.22,3556,8.04,321,276,43.0,8.98,13,2.46,1043.0,128.0,0.07,2388.0,391.0,13.35,2180.0,322.0,15.19,15.76,20.81,9363.0,103.0,11.38
339,351,12,Finolex Industries,Prahlad Chhabria,Plastics,3572,13.44,3463,16.03,738,161,121.79,20.65,7,0.73,336.0,204.0,0.09,3422.0,336.0,45.81,3139.0,264.0,58.06,28.79,34.64,1377.0,370.0,3.53
340,302,-38,Great Eastern Shipping Company,"Bharat Sheth, Ravi Sheth",Logistics,3568,-8.45,3337,-9.5,919,141,343.43,25.74,242,14.64,2749.0,5047.0,0.71,13217.0,170.0,2.37,7704.0,140.0,13.37,10.16,7.64,1262.0,376.0,-4.54
341,339,-2,IFB Industries,Bijon Nag,Consumer durables,3551,8.24,3505,5.21,63,409,130.72,1.78,34,15.82,122.0,293.0,0.48,1074.0,476.0,-1.12,696.0,456.0,7.68,9.55,12.28,2466.0,292.0,6.20
342,NAP,NEW,IVL Dhunseri Petrochem Industries,"Indorama, Dhunseri",Chemicals,3517,-14.39,3447,-16.78,196,345,105.5,5.57,60,16.84,169.0,541.0,0.77,1614.0,437.0,-10.49,1066.0,421.0,24.61,20.39,19.91,,,
343,NAP,NEW,Adani Green Energy,Adani,Power,3503,34.21,3124,22.56,210,338,0.0,5.99,1953,90.79,1019.0,24209.0,8.58,27054.0,122.0,56.29,2200.0,320.0,-6.62,9.9,9.87,1569.0,353.0,253.38
344,NAP,NEW,Hitachi Energy India (ABB Power Products & Systems India),MNC,Engineering,3503,10.11,3420,5.7,100,391,-39.66,2.85,38,16.15,319.0,39.0,0.22,972.0,483.0,-18.19,933.0,432.0,11.04,13.54,19.43,2290.0,306.0,4.09
345,219,-126,SREI Infrastructure Finance,Hemant Kanoria,NBFC,3488,-43.13,3447,-44.38,-7339,495,0.0,NAP,3334,NAP,1443.0,31734.0,75.99,28556.0,118.0,-21.5,-3179.0,496.0,-179.03,0.0,0.0,,,
346,308,-38,Sun TV Network,Kalanithi Maran,Media & entertainment,3484,-7.85,3177,-9.74,1525,92,10.1,43.78,27,1.30,1072.0,0.0,7118.0,230.0,22.49,7054.0,153.0,23.23,23.87,30.46,1188.0,381.0,-12.13,
347,422,75,GE Power India,MNC,Engineering,3468,33.64,3343,36.68,70,405,-16.71,2.03,81,63.45,220.0,453.0,0.31,1549.0,443.0,33.24,972.0,430.0,5.99,10.11,15.91,1575.0,352.0,-6.47
348,397,49,Granules India,KP Chigurupati,Pharma,3463,27.22,3238,24.59,549,200,63.82,15.86,26,3.07,271.0,849.0,0.43,3047.0,351.0,10.52,2173.0,323.0,17.87,27.36,25.17,3369.0,236.0,11.22
349,343,-6,GE T&D India,MNC,Power services,3463,7.29,3452,9.3,60,413,0.0,1.74,84,49.59,60.0,316.0,0.42,1578.0,442.0,-13.68,1123.0,415.0,6.77,5.55,10.21,2599.0,281.0,-1.44
350,381,31,Electrosteel Castings,PK Khaitan,Metals,3460,21.75,3471,28.02,-146,455,0.0,NAP,211,112.85,510.0,2138.0,0.67,6042.0,250.0,27.17,2869.0,276.0,-0.4,3.27,8.05,1520.0,360.0,-1.75
351,NAP,NEW,CNH Industrial (India),MNC,Auto,3406,0.5,3393,11.43,-6,435,0.0,NAP,16,-130.64,1428.0,100.0,0.02,3263.0,342.0,4.31,3120.0,265.0,0.05,4.72,8.11,,,
352,297,-55,Jubilant Foodworks,Bhartia,FMCG,3386,-15.3,3312,-15.67,232,327,-17.25,6.84,163,21.10,539.0,1620.0,1.29,3057.0,349.0,9.04,1427.0,390.0,27.17,18.09,16.06,36001.0,27.0,14.24
353,304,-49,GlaxoSmithKline Pharmaceuticals,MNC,Pharma,3386,-12.87,3199,-0.79,358,262,284.28,10.58,4,0.73,1158.0,0.0,1781.0,423.0,-15.65,1499.0,385.0,-17.66,28.34,37.34,4283.0,202.0,-1.86,
354,323,-31,K P R Mill,K P Ramasamy,Textiles,3368,-4.19,3530,5.29,515,207,36.79,15.30,33,3.96,77.0,657.0,0.34,3012.0,356.0,13.23,2350.0,306.0,25.96,24.44,25.45,20027.0,60.0,2.87
355,364,9,Prakash Industries,VP Agarwal,Metals,3346,11.94,3216,8.15,95,396,-19.34,2.85,74,34.86,45.0,555.0,0.19,3496.0,331.0,-0.75,2899.0,275.0,-0.17,3.29,4.81,2628.0,278.0,-4.95
356,327,-29,Engineers India,Govt of India,Construction,3333,-4.56,3144,-2.85,249,314,-41.27,7.47,6,2.93,1322.0,4.0,0.0,1768.0,424.0,-27.22,1751.0,362.0,-27.24,16.6,24.39,2814.0,265.0,0.29
357,345,-12,Blue Dart Express,MNC,Logistics,3308,3.69,3288,3.56,102,388,0.0,3.08,111,16.80,311.0,595.0,1.04,1957.0,415.0,7.68,592.0,465.0,20.6,21.4,14.44,12095.0,92.0,-1.48
358,325,-33,Kirloskar Oil Engines,Kirloskar,Auto ancillaries,3272,-6.28,3296,-2.47,195,346,5.28,5.96,50,13.28,258.0,843.0,0.28,2948.0,359.0,39.37,1922.0,345.0,10.14,10.77,12.63,2122.0,317.0,-9.39
359,344,-15,Venkys (India),BV Rao,FMCG,3271,1.52,3117,-4.43,268,305,0.0,8.18,28,7.33,206.0,186.0,0.26,1308.0,459.0,12.57,1104.0,418.0,32.07,27.59,31.51,5346.0,175.0,-7.44
360,321,-39,Dish TV India,Jawahar Lal Goel,Media & entertainment,3264,-8.49,3249,-8.63,-1178,486,28.14,NAP,418,33.82,155.0,810.0,0.4,3477.0,332.0,-38.38,2687.0,284.0,-30.21,0.0,0.0,388.0,425.0,-4.67
361,380,19,Redington India,Diversified*,Trading,3241,13.09,3835,20.28,756,158,46.81,23.34,205,14.78,3493.0,622.0,0.37,6062.0,249.0,-20.13,4934.0,196.0,14.5,17.02,20.67,1545.0,356.0,-1.02
362,331,-31,JM Financial,Nimesh Kampani,NBFC,3227,-6.57,3211,-6.81,590,188,8.29,18.29,1111,NAP,2075.0,12369.0,1.91,22045.0,133.0,10.83,7000.0,154.0,24.14,12.76,11.85,136.0,434.0,
363,360,-3,Mukand,Niraj Bajaj,Metals,3225,6.9,2726,-6.73,-204,465,15.05,NAP,332,-66.19,46.0,2072.0,4.23,2577.0,379.0,-25.53,463.0,467.0,-31.03,-162.74,-17.93,3638.0,225.0,123.46
364,356,-8,Finolex Cables,Finolex,Consumer durables,3223,5.81,2768,-3.79,461,222,18.02,14.32,1,0.21,54.0,7.0,0.0,3433.0,335.0,13.51,3415.0,244.0,13.68,14.38,19.56,1649.0,345.0,-6.41
365,300,-65,Tamil Nadu Newsprint & Papers,Govt of Tamil Nadu,Paper,3201,-19.12,3182,-17.29,-65,446,0.0,NAP,193,74.25,12.0,2733.0,1.49,4473.0,295.0,10.75,1597.0,374.0,-6.78,0.0,0.0,2486.0,289.0,-3.16
366,396,30,Supreme Petrochem,Taparia,Chemicals,3200,17.51,3185,16.92,477,220,365.16,14.92,7,1.09,107.0,41.0,0.04,1113.0,472.0,56.98,1065.0,423.0,58.16,54.94,71.47,361.0,427.0,2.85
367,NAP,NEW,Medplus Health Services,Madhukar Gangadi & Others,Healthcare,3196,1.93,3069,6.92,64,408,2829.36,2.00,55,25.31,119.0,590.0,0.85,1341.0,458.0,30.74,731.0,454.0,38.42,10.03,12.68,14762.0,81.0,
368,365,-3,Ujjivan Financial Services,Diversified*,NBFC,3181,7.13,3072,7.28,-199,464,0.0,NAP,1121,NAP,2615.0,16799.0,5.82,19750.0,139.0,7.48,2659.0,287.0,-6.37,-8.7,4.28,,,
369,NAP,NEW,Tata Hitachi Construction Machinery Company,Tata,Engineering,3164,-7.65,3470,4.78,56,415,2651.96,1.77,30,17.41,225.0,234.0,0.6,1241.0,466.0,-28.17,882.0,439.0,7.17,6.59,7.69,,,
370,NAP,NEW,Daikin Airconditioning India,MNC,Consumer durables,3153,-25.03,3365,-15.98,150,366,-35.54,4.75,26,6.99,1142.0,19.0,0.02,1895.0,418.0,9.78,1693.0,366.0,9.87,9.27,14.14,3881.0,212.0,4.81
371,409,38,Astral,Sandeep Engineer,Plastics,3152,18.51,3176,23.21,404,245,63.13,12.83,13,2.05,476.0,80.0,0.08,2000.0,411.0,16.72,1895.0,349.0,26.16,24.04,29.74,1853.0,332.0,13.06
372,334,-38,Honeywell Automation India,MNC,Electronics,3147,-7.32,3043,-7.51,460,224,-6.4,14.62,9,1.55,1797.0,74.0,0.03,2697.0,370.0,16.99,2579.0,296.0,18.39,19.34,25.08,3175.0,244.0,-4.08
373,202,-171,Raymond,Vijaypat Singhania,Textiles,3138,-55.3,3446,-46.83,-297,472,0.0,NAP,276,-364.65,552.0,2177.0,1.06,4762.0,289.0,-15.22,2097.0,330.0,-11.72,-13.58,-3.69,6509.0,148.0,-7.60
374,NAP,NEW,Ujjivan Small Finance Bank,Diversified*,Banks,3117,3.01,2806,3.79,8,429,-97.63,0.27,1078,NAP,2578.0,16383.0,0.0,19602.0,141.0,9.38,3019.0,270.0,1.04,0.28,0.04,16571.0,70.0,-7.12
375,387,12,EPL,MNC,Packaging,3101,10.84,3092,11.96,239,320,15.34,7.71,43,7.22,241.0,644.0,0.43,2410.0,390.0,4.54,1698.0,364.0,10.8,15.12,16.01,1154.0,385.0,-1.20
376,420,44,HIL,CK Birla,Construction,3087,18.38,3044,19.13,260,309,145.16,8.41,28,6.80,130.0,410.0,0.66,1464.0,450.0,-4.78,995.0,428.0,34.0,29.89,24.33,1556.0,354.0,-7.44
377,305,-72,Castrol India,MNC,Auto ancillaries,3083,-20.25,2997,-22.7,583,189,-29.54,18.91,4,0.51,1274.0,0.0,1447.0,452.0,4.22,1414.0,391.0,3.46,41.92,55.69,690.0,407.0,-4.17,
378,298,-80,Amber Enterprises India,Jasbir Singh,Consumer durables,3079,-22.91,3031,-23.53,82,399,-48.49,2.65,42,18.93,290.0,399.0,0.29,2053.0,406.0,26.93,1604.0,373.0,42.16,6.1,9.0,1397.0,368.0,27.58
379,404,25,Ajanta Pharma,Rajesh Agrawal,Pharma,3067,13.71,2890,11.66,654,173,39.81,21.32,8,0.83,210.0,31.0,0.02,3050.0,350.0,13.21,2996.0,271.0,15.27,23.38,31.64,7035.0,144.0,-1.84
380,428,48,KNR Constructions,Narasimha Reddy,Construction,3048,20.53,2904,18.43,407,243,53.43,13.37,136,19.44,148.0,764.0,0.46,2783.0,366.0,10.32,1968.0,341.0,26.09,18.14,21.66,2162.0,314.0,10.08
381,354,-27,AIA Engineering,Bhadresh Shah,Metals,3046,-0.27,2881,-2.98,566,193,-4.11,18.58,8,1.24,1395.0,193.0,0.04,4454.0,297.0,15.73,4244.0,213.0,14.67,14.24,17.81,1285.0,375.0,-4.81
382,NAP,NEW,Paul Merchants,Sat Paul Bansal,NBFC,3041,-43.79,3041,-43.73,33,423,26.85,1.10,5,NAP,15.0,79.0,0.14,508.0,498.0,18.69,427.0,470.0,8.53,8.27,10.47,313.0,430.0,
383,314,-69,Cochin Shipyard,Govt of India,Logistics (Ship building),3022,-17.59,2819,-17.64,609,183,-3.69,20.14,58,8.06,2209.0,123.0,0.03,4582.0,292.0,7.79,4033.0,220.0,8.34,15.69,19.62,1727.0,339.0,0.99
384,322,-62,JK Paper,Hari S Singhania,Paper,3017,-14.73,3000,-9.08,240,319,-49.52,7.95,129,22.89,20.0,2736.0,0.9,5445.0,267.0,27.13,2516.0,298.0,6.37,9.7,10.27,2655.0,276.0,5.95
385,320,-65,Time Technoplast,Anil Gupta,Plastics,2998,-16.37,3005,-16.02,103,387,-38.84,3.45,98,25.25,87.0,863.0,0.47,2814.0,364.0,2.06,1898.0,348.0,4.91,5.71,8.79,2423.0,295.0,-5.39
386,398,12,Emami,RS Agarwal & RS Goenka,FMCG,2970,9.18,2881,8.5,455,228,50.11,15.31,13,1.51,360.0,92.0,0.08,1907.0,417.0,-8.88,1763.0,359.0,-3.35,25.36,29.09,3133.0,246.0,-2.55
387,407,20,Kesoram Industries,BK Birla,Cement,2969,10.45,2653,0.27,140,372,0.0,4.72,276,-224.81,112.0,1962.0,24.09,2336.0,392.0,4.26,197.0,481.0,303.06,54.38,11.35,1603.0,351.0,-2.08
388,NAP,NEW,Mando Automotive India,"Anand, Mando",Auto ancillaries,2957,-7.93,2972,-6.19,140,371,1.75,4.74,16,4.89,260.0,283.0,0.29,1068.0,477.0,37.25,779.0,449.0,21.78,19.78,22.07,,,
389,348,-41,Sanofi India,MNC,Pharma,2934,-7.22,2902,-5.49,478,219,15.31,16.28,2,0.27,1209.0,23.0,0.0,2206.0,396.0,-11.62,2119.0,329.0,-13.24,20.94,28.88,2912.0,259.0,-15.00
390,338,-52,GHCL,Dalmia,Chemicals,2928,-11.34,2900,-12.25,326,274,-17.78,11.14,91,14.33,49.0,782.0,0.44,3270.0,341.0,-4.11,2484.0,300.0,15.6,14.08,15.86,5006.0,188.0,-1.98
391,,RE 2018,Gujarat Fluorochemicals,DK Jain,Chemicals,2893,-1.11,2651,1.69,-219,466,0.0,NAP,113,18.89,22.0,1581.0,0.46,5105.0,279.0,-6.55,3493.0,242.0,-6.0,-6.15,11.23,2220.0,311.0,-2.89
392,424,32,Galaxy Surfactants,"U Shekhar, G Ramakrishnan, S Shanbhag, C Ramakrishna, and Sudhir Patil",Chemicals,2871,11.79,2784,7.23,302,284,31.13,10.52,13,2.99,111.0,289.0,0.29,1601.0,439.0,8.31,1301.0,400.0,21.88,25.51,25.05,1370.0,371.0,2.78
393,419,26,Va Tech Wabag,Rajiv Mittal,Engineering,2851,9.32,2834,10.85,110,384,21.05,3.86,90,41.28,371.0,350.0,0.34,2009.0,410.0,4.3,1410.0,392.0,20.04,7.8,11.16,1065.0,390.0,1.33
394,392,-2,Transport Corporation of India,DP Agarwal,Logistics,2848,3.07,2802,3.11,147,369,3.35,5.17,27,10.76,40.0,297.0,0.33,1478.0,446.0,1.66,1170.0,410.0,14.24,13.71,13.78,4375.0,199.0,3.62
395,363,-32,Jai Balaji Industries,Aditya Jajodia,Metals,2829,-5.55,2785,-4.36,-76,447,33.69,NAP,88,92.30,26.0,3434.0,0.0,1701.0,432.0,-5.84,-1733.0,495.0,-4.53,0.0,0.0,3071.0,248.0,1.49
396,378,-18,Nava Bharat Ventures,"Ashok Devineni, Trivikrama Prasad Pinnamaneni",Metals,2828,-2.06,2549,-7.62,423,240,7.03,14.97,348,33.47,359.0,3392.0,0.8,8742.0,210.0,4.88,4411.0,209.0,5.41,12.81,12.81,608.0,410.0,-26.21
397,414,17,V-Guard Industries,K Chittilappilly,Consumer durables,2813,6.59,2721,8.72,201,343,7.33,7.14,6,1.95,281.0,13.0,0.01,1295.0,460.0,22.34,1211.0,407.0,21.68,18.3,25.08,2313.0,303.0,0.48
398,442,44,Dalmia Bharat Sugar & Industries,Dalmia,FMCG,2785,16.43,2686,27.24,270,301,39.93,9.71,62,13.12,80.0,958.0,0.61,3145.0,347.0,10.7,2143.0,326.0,41.08,14.77,14.36,2469.0,291.0,4.09
399,452,53,Sumitomo Chemical India,MNC,Chemicals,2782,20.62,2645,9.08,345,267,68.69,12.41,7,1.42,242.0,33.0,0.02,1603.0,438.0,25.0,1541.0,383.0,26.15,25.0,31.9,1722.0,340.0,4.24
400,377,-23,ITD Cementation India,MNC,Construction,2773,-4.15,2728,-4.65,16,427,-63.48,0.57,138,64.92,207.0,428.0,0.46,1537.0,444.0,-5.96,1066.0,422.0,1.24,1.31,9.77,5750.0,169.0,170.84
401,347,-54,Kirloskar Brothers,Kirloskar,Engineering,2766,-12.87,2717,-13.36,161,359,124.05,5.82,44,18.36,175.0,300.0,0.43,1472.0,449.0,-8.32,1105.0,417.0,17.14,15.03,14.72,2487.0,288.0,-6.08
402,353,-49,Godfrey Phillips India,KK Modi,FMCG,2745,-10.7,2543,-14.01,377,252,-2.17,13.71,31,5.70,46.0,395.0,0.16,3013.0,354.0,15.86,2582.0,295.0,18.05,12.82,15.29,988.0,394.0,-2.76
403,437,34,Jana Small Finance Bank,Ramesh Ramanathan,Banks,2733,12.7,2498,25.42,84,398,179.82,3.09,1235,NAP,2260.0,17201.0,0.0,18328.0,144.0,34.82,977.0,429.0,9.33,1.67,0.53,16891.0,68.0,4.19
404,352,-52,Brigade Enterprises,M R Jaishankar,Real estate,2708,-12.21,1950,-25.92,-46,442,0.0,NAP,347,87.66,559.0,4932.0,2.05,7670.0,224.0,6.42,2339.0,311.0,2.93,-2.66,3.93,606.0,411.0,-21.30
405,NAP,NEW,Info Edge (India),Sanjiv Bikhchandani,Infotech,2704,69.14,1120,-14.62,1407,97,0.0,52.04,11,16.33,642.0,65.0,0.02,5607.0,259.0,146.51,5460.0,183.0,148.66,3.06,3.67,4283.0,202.0,-5.49
406,366,-40,SKF India,MNC,Auto ancillaries,2697,-8.92,2671,0.0,298,287,0.0,NAP,2,0.51,500.0,18.0,0.01,1617.0,436.0,0.0,1564.0,379.0,0.0,19.04,24.64,1762.0,336.0,2.68
407,374,-33,Forbes & Company,Shapoorji Pallonji,Consumer durables,2696,-6.77,2857,4.61,-78,448,76.07,NAP,87,147.06,98.0,805.0,0.0,899.0,485.0,-32.39,-141.0,489.0,-59.98,0.0,0.0,410.0,424.0,-16.67
408,477,69,Indo Count Industries,AK Jain,Textiles,2692,28.0,2519,21.11,251,313,239.7,9.31,28,7.53,127.0,572.0,0.41,1874.0,419.0,37.62,1285.0,402.0,30.28,21.94,22.81,2203.0,313.0,-0.05
409,373,-36,Kajaria Ceramics,AK Kajaria,Retail,2669,-8.49,2781,-0.97,308,282,20.65,11.54,11,2.10,443.0,126.0,0.08,2078.0,405.0,5.47,1869.0,351.0,9.02,17.24,21.61,2475.0,290.0,-1.82
410,368,-42,Page Industries,Sunder Genomal,Textiles,2656,-10.05,2833,-3.82,341,268,-0.77,12.82,30,5.75,435.0,127.0,0.18,1020.0,480.0,1.46,885.0,438.0,7.93,39.96,47.76,21280.0,55.0,14.18
411,340,-71,Phillips Carbon Black,RP - Sanjiv Goenka,Auto ancillaries,2651,-18.89,2660,-18.01,314,280,9.45,11.83,34,6.54,264.0,607.0,0.34,2649.0,375.0,9.04,1935.0,343.0,13.91,17.28,16.82,1025.0,392.0,-0.77
412,274,-138,RattanIndia Power,Rajiv Rattan,Power,2634,-43.38,1560,-12.07,-942,484,0.0,NAP,2241,350.06,248.0,11650.0,23.9,12726.0,174.0,-11.65,-625.0,490.0,-245.52,0.0,0.0,529.0,417.0,-4.34
413,311,-102,Trent,Tata,Retail,2632,-28.96,2593,-25.62,-146,456,0.0,NAP,261,233.54,81.0,300.0,0.13,5272.0,271.0,5.04,2313.0,313.0,-3.13,0.0,0.0,9841.0,101.0,-17.60
414,326,-88,Century Textiles & Industries,BK Birla,Cement,2632,-24.67,2617,-23.57,-30,440,0.0,NAP,71,34.46,125.0,1054.0,0.35,5418.0,269.0,-5.7,3504.0,240.0,0.71,-0.96,0.65,4268.0,204.0,-4.99
415,406,-9,Carborundum Universal,Murugappa Chettiar,Fertilisers & agrochem,2625,-2.47,2632,1.26,284,292,4.36,10.83,4,0.82,689.0,59.0,0.03,2255.0,393.0,13.57,2131.0,328.0,14.7,14.69,19.2,2157.0,315.0,-5.06
416,242,-174,Sadbhav Engineering,Vishnubhai Patel,Construction,2621,-51.13,2243,-35.67,-155,457,0.0,NAP,1003,167.77,112.0,7103.0,4.55,10161.0,196.0,0.64,1445.0,387.0,-9.71,-15.59,7.84,2691.0,271.0,-21.38
417,489,72,Max Healthcare Institute,Analjit Singh,Healthcare,2619,136.6,2505,136.51,-138,454,0.0,NAP,179,105.47,653.0,1101.0,0.24,7274.0,226.0,95.66,5639.0,177.0,120.85,0.0,0.0,4464.0,197.0,0.18
418,461,43,H.G. Infra Engineering,"Harendra Singh, V Singh, Girishpal Singh Trusts",Construction,2617,17.3,2602,17.37,237,326,42.04,9.04,94,19.79,263.0,768.0,0.68,1917.0,416.0,34.37,1063.0,424.0,28.6,25.06,24.3,1965.0,327.0,-16.31
419,361,-58,Prime Focus,Naresh Malhotra,Media & entertainment,2610,-13.37,2536,-13.41,-43,441,67.0,NAP,251,44.78,378.0,3904.0,11.04,4420.0,298.0,10.07,267.0,478.0,-32.08,0.0,0.0,246.0,432.0,-10.22
420,441,21,3M India,MNC,Consumer products,2609,-14.09,2605,-12.78,162,358,-49.6,6.22,2,0.94,1062.0,23.0,0.02,1976.0,413.0,8.28,1910.0,347.0,9.11,8.87,11.7,1146.0,386.0,-10.26
421,290,-131,Sobha,PNC Menon,Real estate,2607,-37.43,2110,-43.8,62,410,-77.89,2.39,601,89.05,204.0,3052.0,1.27,5495.0,263.0,-1.47,2428.0,302.0,-0.14,2.56,12.22,3061.0,251.0,-4.91
422,350,-72,Narayana Hrudayalaya,Devi Shetty,Healthcare,2598,-16.96,2582,-17.44,-14,437,0.0,NAP,82,45.34,132.0,826.0,0.79,2206.0,397.0,-6.82,1120.0,416.0,-1.38,-0.71,1.43,10989.0,95.0,-2.42
423,362,-61,J Kumar Infraprojects,Jagadishkumar Gupta,Construction,2596,-13.43,2571,-13.46,64,407,-65.19,2.46,104,33.53,599.0,567.0,0.34,2456.0,385.0,-3.31,1887.0,350.0,3.05,3.44,7.73,6905.0,145.0,-11.38
424,NAP,NEW,Embassy Office Parks REIT,MNC,Real estate,2578,9.21,2457,12.08,698,164,-8.78,27.09,646,34.93,943.0,10622.0,0.33,38259.0,101.0,34.65,27093.0,59.0,21.4,2.7,4.06,,,
425,418,-7,Avadh Sugar & Energy,Nandini Nopany,FMCG,2575,-1.56,2711,5.9,78,402,-12.46,3.01,116,44.75,7.0,1373.0,2.36,2051.0,407.0,-7.01,666.0,457.0,12.5,12.34,10.21,815.0,401.0,11.49
426,450,24,Solar Industries India,Satyanarayan Nandlal Nuwal,Mining & minerals,2575,10.96,2516,12.44,276,295,3.34,10.73,45,8.82,181.0,786.0,0.5,2447.0,386.0,13.77,1579.0,376.0,14.44,19.47,19.74,1629.0,348.0,-73.53
427,410,-17,Orient Cement,CK Birla,Cement,2565,-3.13,2567,-1.08,214,336,147.36,8.35,94,16.99,36.0,797.0,0.83,2160.0,400.0,-9.48,1306.0,399.0,16.77,17.67,18.79,1204.0,379.0,34.23
428,NAP,NEW,LifeStyle International,Micky Jagtiani,Retail,2548,-35.72,2502,-33.51,-243,467,0.0,NAP,428,107.27,90.0,0.04,4901.0,285.0,-9.19,1086.0,420.0,-15.55,-20.49,1.03,,,,
429,435,6,BNP Paribas,MNC,Banks,2542,4.38,1971,-17.68,559,196,197.53,21.98,670,NAP,5703.0,25650.0,0.0,33980.0,108.0,2.34,8273.0,136.0,6.01,6.95,1.66,,,
430,,RE 2017,ITI,Govt of India,Telecom (Ancillaries),2532,10.91,2362,14.73,9,428,-93.49,0.37,160,322.08,548.0,1464.0,38.41,4094.0,307.0,6.11,103.0,486.0,411.55,0.22,2.9,2109.0,318.0,-27.00
431,440,9,Religare Enterprises,Diversified*,NBFC,2530,5.55,2513,5.41,-508,476,45.47,NAP,733,NAP,1519.0,4890.0,189.99,5188.0,273.0,-6.54,-47.0,488.0,-146.61,0.0,0.0,,,
432,NAP,NEW,GTPL Hathway,Rajan Raheja,Media & entertainment,2530,4.34,2467,3.48,188,349,141.93,7.43,23,4.53,145.0,165.0,0.24,1164.0,468.0,7.16,880.0,440.0,20.85,26.16,29.16,706.0,406.0,-49.06
433,291,-142,Zuari Agro Chemicals,KK Birla,Fertilisers & agrochem,2528,-12.34,2404,-20.98,-157,458,80.42,NAP,200,637.77,609.0,1851.0,9.71,2509.0,383.0,-39.44,196.0,482.0,-42.5,0.0,0.0,623.0,409.0,-41.67
434,358,-76,Heritage Foods,"Nara, Naidu",FMCG,2512,-17.44,2473,-9.27,150,365,0.0,5.97,21,7.91,24.0,64.0,0.35,677.0,494.0,-13.23,596.0,464.0,29.64,28.1,30.59,3014.0,252.0,-3.71
435,388,-47,Gujarat Alkalies & Chemicals,Govt of Gujarat,Chemicals,2505,-10.71,2429,-10.83,166,356,-50.09,6.62,15,4.33,357.0,497.0,0.07,5985.0,251.0,22.0,5375.0,187.0,16.95,3.32,4.59,1553.0,355.0,-1.83
436,465,29,Sheela Foam,Rahul Gautam,Consumer products,2493,12.57,2435,12.04,238,322,22.9,9.53,18,4.88,58.0,349.0,0.31,1633.0,435.0,23.84,1184.0,409.0,28.76,22.83,23.26,1968.0,326.0,-10.10
437,485,48,Sharda Cropchem,RV Bubna,Fertilisers & agrochem,2484,21.67,2396,19.6,229,329,39.18,9.23,16,3.60,261.0,68.0,0.02,1699.0,433.0,19.58,1614.0,372.0,15.08,16.77,22.91,,,
438,421,-17,Huhtamaki India,MNC,Packaging,2481,-5.06,2463,-5.24,96,395,-43.55,3.87,27,11.53,67.0,295.0,0.39,1077.0,475.0,9.56,765.0,450.0,9.69,13.13,14.04,3468.0,231.0,-5.63
439,NAP,NEW,Tetra-Pak India,MNC,Packaging,2477,-14.83,2453,-14.18,99,392,49.58,3.99,48,17.47,19.0,574.0,1.57,983.0,482.0,-6.98,393.0,471.0,1.31,25.35,16.82,,,
440,433,-7,Radico Khaitan,KL Khaitan,FMCG,2476,0.56,2418,-0.37,277,294,20.96,11.19,22,5.46,130.0,273.0,0.2,2088.0,404.0,6.56,1793.0,356.0,16.2,16.22,18.55,1179.0,383.0,2.97
441,403,-38,Maharashtra Seamless,DP Jindal,Metals,2466,-8.61,2308,-12.72,98,394,16.9,3.98,56,21.24,65.0,922.0,0.32,4259.0,304.0,-2.96,3299.0,256.0,2.94,7.52,9.33,1444.0,362.0,-7.61
442,NAP,NEW,CreditAccess Grameen,MNC,NBFC,2466,44.6,2461,44.38,134,375,-59.82,5.43,933,NAP,2484.0,10941.0,3.19,14738.0,164.0,19.02,3692.0,230.0,35.01,4.09,8.28,10625.0,99.0,-1.84
443,395,-48,Akzo Nobel India,MNC,Chemicals,2462,-9.78,2421,-9.03,208,339,-12.55,8.43,10,3.02,733.0,64.0,0.05,1452.0,451.0,4.49,1287.0,401.0,4.07,16.45,20.33,1436.0,364.0,-3.10
444,482,38,KIOCL,Govt of India,Mining & minerals,2457,19.84,2384,23.02,301,285,592.66,12.26,15,4.23,1455.0,120.0,0.06,2201.0,399.0,3.44,1986.0,340.0,3.66,15.44,19.65,746.0,404.0,-7.33
445,413,-32,Wheels India,TVS Iyengar,Auto ancillaries,2437,-7.78,2413,-9.67,2,432,-96.29,0.07,59,41.19,3.0,698.0,1.02,1385.0,457.0,3.38,661.0,459.0,-0.46,0.02,4.44,2308.0,304.0,-0.56
446,390,-56,Minda Corporation,Ashok Minda,Auto ancillaries,2431,5.77,2355,5.93,53,416,0.0,2.17,39,23.39,499.0,528.0,0.54,1702.0,431.0,4.84,1142.0,413.0,17.69,5.0,7.38,3066.0,250.0,2.64
447,486,39,Gokul Refoils and Solvent,BC Rajput,FMCG,2381,17.47,2390,19.48,20,426,3.44,0.83,20,50.23,66.0,283.0,0.88,562.0,495.0,4.49,277.0,477.0,-9.06,7.03,8.53,,,
448,328,-120,India Glycols,US Bhartia,Chemicals,2370,-14.05,2317,-15.3,132,377,14.78,5.55,83,31.11,98.0,1137.0,0.97,2615.0,377.0,10.78,1169.0,411.0,13.02,13.91,10.03,1330.0,372.0,1.37
449,492,43,Tanla Platforms,UK Reddy,IT services,2363,20.88,2341,20.52,356,263,0.0,15.07,2,0.52,584.0,4.0,0.01,906.0,484.0,26.19,893.0,436.0,27.27,44.66,51.35,,,
450,401,-49,Asahi India Glass,MNC,Auto ancillaries,2361,-12.75,2421,-8.4,133,376,-13.43,5.64,143,32.94,58.0,1529.0,1.2,3013.0,355.0,-3.43,1440.0,388.0,10.56,9.53,11.3,6777.0,147.0,1.45
451,458,7,Cosmo Films,Ashok Jaipuria,Packaging,2359,5.35,2285,3.71,237,324,108.83,10.04,42,10.64,75.0,760.0,0.97,1683.0,434.0,5.67,854.0,443.0,15.24,29.71,22.61,946.0,395.0,3.84
452,425,-27,Poonawalla Fincorp,Cyrus Poonawalla,NBFC,2358,-8.0,2319,-7.74,-559,478,0.0,NAP,1100,NAP,775.0,10475.0,4.56,12669.0,175.0,-14.37,2194.0,321.0,-20.15,0.0,0.0,5505.0,173.0,-13.10
453,487,34,Sarda Energy & Minerals,KK Sarda,Metals,2344,18.56,2199,9.93,375,254,196.73,16.00,79,15.66,98.0,1714.0,0.83,4053.0,310.0,9.5,2221.0,318.0,18.8,18.6,15.21,1210.0,378.0,-0.58
454,431,-23,Relaxo Footwears,ML Dua & RK Dua,Retail,2338,-5.47,2359,-2.13,292,289,28.87,12.47,19,3.76,8.0,115.0,0.09,1704.0,430.0,19.81,1572.0,378.0,23.58,20.5,26.22,8229.0,122.0,4.80
455,444,-11,Pfizer,MNC,Pharma,2305,-2.82,2239,4.04,498,212,-2.26,21.59,15,2.16,1115.0,3.0,0.0,2494.0,384.0,-29.44,2393.0,303.0,-29.52,17.19,22.7,2358.0,300.0,-5.26
456,411,-45,Rites,Govt of India,Engineering,2285,-13.68,1860,-24.85,432,236,-29.82,18.92,9,1.75,3363.0,37.0,0.02,2748.0,368.0,-9.53,2392.0,304.0,-9.16,17.68,21.42,2970.0,254.0,-5.89
457,385,-72,RSWM,JLN Bhilwara,Textiles,2283,-19.46,2326,-16.06,21,424,0.0,0.91,83,47.51,7.0,923.0,1.37,1724.0,427.0,-9.71,792.0,446.0,7.39,0.7,3.87,15344.0,78.0,-7.76
458,NAP,NEW,CSB Bank,Fairfax Financial Holdings,Banks,2273,31.28,1872,24.0,218,335,1616.98,9.61,931,NAP,1714.0,20566.0,0.0,22746.0,131.0,22.65,2026.0,334.0,12.26,9.0,1.06,4180.0,206.0,30.46
459,384,-75,Filatex India,MS Bhageria,Textiles,2261,-20.29,2227,-19.95,166,355,36.52,7.34,59,16.93,36.0,588.0,0.96,1387.0,456.0,2.8,762.0,452.0,28.17,24.43,21.81,2349.0,301.0,-6.34
460,383,-77,JBF Industries,Bhagirath Arya,Textiles,2257,-20.47,2205,-21.6,-194,463,41.72,NAP,244,186.00,27.0,2611.0,9.1,2828.0,363.0,-7.68,193.0,483.0,-50.14,0.0,0.0,2602.0,280.0,1.36
461,NAP,NEW,Volvo Group India,MNC,Auto,2249,-5.99,2181,-5.85,42,420,-51.34,1.87,33,22.53,145.0,220.0,0.43,1201.0,467.0,-7.68,782.0,448.0,9.86,5.62,10.26,,,
462,,RE 2018,Mahanagar Gas,Govt of India,Oil & gas,2233,-27.29,2153,-27.58,620,180,-21.92,27.75,7,0.77,512.0,74.0,0.02,3330.0,340.0,9.59,3232.0,260.0,9.47,20.03,26.41,496.0,418.0,0.61
463,402,-61,Ratnamani Metals & Tubes,Prakash Sanghvi,Metals,2230,-17.37,2298,-11.12,276,297,-10.26,12.38,23,5.73,55.0,197.0,0.12,2202.0,398.0,11.7,1988.0,338.0,16.29,14.93,18.51,2247.0,309.0,-1.27
464,478,14,Natco Pharma,VC Nannapaneni,Pharma,2204,5.06,2052,7.16,441,235,-4.32,20.01,13,2.19,284.0,268.0,0.07,4492.0,294.0,7.16,4122.0,216.0,9.22,11.21,13.68,5046.0,184.0,0.40
465,NAP,NEW,J B Chemicals & Pharmaceuticals,MNC,Pharma,2196,20.05,2043,15.09,448,232,64.66,20.40,7,1.29,31.0,33.0,0.02,1869.0,420.0,26.09,1810.0,355.0,26.07,24.75,32.39,4122.0,209.0,-3.94
466,412,-54,West Coast Paper Mills,SK Bangur,Paper,2191,-17.1,2245,-9.96,-3,433,0.0,NAP,70,28.20,91.0,662.0,0.51,2518.0,381.0,-3.73,1389.0,395.0,0.04,0.33,2.51,2418.0,297.0,1.68
467,NAP,NEW,Aarti Drugs,PM Patil,Pharma,2174,16.69,2155,19.31,280,293,98.31,12.90,26,6.00,10.0,351.0,0.47,1293.0,461.0,20.29,913.0,433.0,39.99,35.81,33.38,1620.0,350.0,31.39
468,,RE 2012,Man Industries (India),R Mansukhani,Metals (pipes),2171,22.0,2080,18.24,101,389,81.71,4.65,53,25.72,102.0,296.0,0.37,1136.0,471.0,8.71,835.0,444.0,11.86,12.76,17.37,832.0,400.0,-2.12
469,479,10,TTK Prestige,TT Jagannathan,Consumer durables,2168,3.38,2187,5.5,237,325,27.6,10.92,6,1.80,161.0,84.0,0.06,1589.0,441.0,13.55,1503.0,384.0,15.24,16.87,21.64,1442.0,363.0,-0.07
470,466,-4,Indo Rama Synthetics (India),OP Lohia,Textiles,2167,-1.98,2133,-1.85,113,381,0.0,5.23,66,80.92,9.0,378.0,1.53,755.0,491.0,2.3,333.0,473.0,50.11,24.87,8.35,1418.0,366.0,-2.68
471,NAP,NEW,P N Gadgil & Sons,Govind Gadgil & Dr Renu Gadgil,Gems & jewellery,2167,4.36,2160,4.19,136,374,110.63,6.26,28,12.79,107.0,340.0,1.16,731.0,493.0,18.14,367.0,472.0,57.2,45.19,31.0,,,
472,386,-86,Patel Engineering,Rupen Patel,Engineering,2160,-23.48,1995,-23.78,-291,470,0.0,NAP,401,NAP,196.0,2292.0,0.94,6091.0,248.0,6.97,2320.0,312.0,-8.93,-2.33,4.81,2130.0,316.0,
473,464,-9,HeidelbergCement India,MNC,Cement,2159,-2.62,2117,-2.44,315,279,17.49,14.59,51,10.04,432.0,302.0,0.25,1854.0,421.0,3.07,1494.0,386.0,13.63,22.43,24.21,1121.0,387.0,-5.56
474,294,-180,Simplex Infrastructures,Rajiv Mundra & Others,Construction,2154,-47.54,2200,-45.36,-469,475,0.0,NAP,644,8988.41,47.0,4608.0,2.8,5919.0,252.0,4.59,1267.0,404.0,-28.3,0.0,0.0,1640.0,346.0,-29.43
475,NAP,NEW,Munjal Auto Industries,Munjal (Hero),Auto ancillaries,2146,74.52,2134,72.74,21,425,400.73,0.96,16,18.95,18.0,111.0,0.39,474.0,500.0,2.33,311.0,474.0,7.48,6.82,10.67,2224.0,310.0,88.79
476,NAP,NEW,Krishna Maruti,Ashok Kapur (Krishna ),Auto ancillaries,2138,-9.18,2109,-9.51,136,373,-9.57,6.35,4,1.87,273.0,0.03,847.0,487.0,12.09,810.0,445.0,20.19,18.31,23.36,,,,
477,484,7,Nahar Spinning Mills,JL Oswal,Textiles,2138,4.68,2112,1.4,41,421,0.0,1.94,69,35.07,2.0,1074.0,1.16,1972.0,414.0,13.09,898.0,435.0,9.62,4.82,6.62,10981.0,96.0,-16.58
478,399,-79,Bharat Dynamics,Govt of India,Engineering,2137,-20.53,1914,-38.36,258,310,-51.81,12.06,5,1.36,1561.0,11.0,0.0,3446.0,334.0,2.02,2685.0,285.0,2.99,9.74,10.13,2776.0,268.0,-5.90
479,455,-24,Nilkamal,V Parekh & S Parekh,Plastics,2130,-6.64,2092,-7.31,113,383,-20.52,5.30,26,10.24,91.0,49.0,0.05,1414.0,455.0,9.62,1136.0,414.0,10.43,10.46,13.09,2939.0,258.0,-5.32
480,NAP,NEW,Zomato,Diversified*,Infotech,2129,-23.13,1994,-23.46,-813,483,65.66,NAP,10,-1.27,904.0,73.0,0.02,8205.0,216.0,273.85,7644.0,142.0,1571.21,0.0,0.0,3755.0,218.0,
481,497,16,Kirloskar Industries,Kirloskar,Holding Company,2127,10.81,2080,8.59,164,357,70.81,7.70,27,5.56,66.0,305.0,0.23,2540.0,380.0,48.74,1746.0,363.0,69.08,22.42,23.75,,,
482,415,-67,Usha Martin,Jhawar BK,Metals,2121,-19.14,2097,-2.63,150,367,-64.28,7.05,57,20.71,119.0,530.0,0.44,2025.0,408.0,2.99,1404.0,394.0,14.34,8.88,10.38,2271.0,308.0,-5.65
483,NAP,NEW,Birla Carbon India,Aditya Birla,Auto ancillaries,2119,-13.84,1868,-17.82,245,317,-2.9,11.58,75,33.02,62.0,613.0,0.42,2977.0,357.0,-10.02,2310.0,314.0,11.82,11.21,12.31,,,
484,453,-31,Century Plyboards (India),Bhajanka & Agarwal,Consumer durables,2109,-8.25,2130,-8.06,191,347,27.16,9.08,13,3.95,91.0,166.0,0.2,1443.0,453.0,3.53,1267.0,403.0,16.21,16.22,19.19,6365.0,153.0,-5.06
485,NAP,NEW,Kribhco Fertilisers,Govt of India,Fertilisers & agrochem,2090,-17.02,2161,-12.56,7,430,0.0,0.32,98,57.39,4.0,974.0,3.57,1477.0,447.0,-46.23,456.0,468.0,1.38,2.06,5.08,,,
486,468,-18,Orient Electric,CK Birla,Consumer durables,2085,-4.72,2113,-1.71,120,379,52.3,5.74,21,9.44,258.0,61.0,0.27,540.0,497.0,-0.45,456.0,469.0,26.79,29.38,33.76,888.0,398.0,-10.93
487,NAP,NEW,Crisil,MNC,NBFC,2065,14.43,1982,14.44,355,264,3.13,17.18,14,NAP,279.0,0.0,1518.0,445.0,26.74,1312.0,398.0,11.94,28.56,34.82,3670.0,223.0,1.69,
488,,RE 2016,Gillette India,MNC,FMCG,2060,20.06,2009,19.68,310,281,34.84,15.07,5,1.14,166.0,0.0,868.0,486.0,-10.75,789.0,447.0,-13.42,36.51,47.22,573.0,414.0,-0.52,
489,470,-19,KPIT Technologies,"Ravi Pandit, Kishor Patil",IT Services,2057,-5.82,2036,-5.59,146,370,-0.98,7.11,17,5.62,701.0,230.0,0.19,1477.0,448.0,16.47,1207.0,408.0,15.03,13.04,14.23,5034.0,187.0,-10.62
490,,RE 2015,Hubergroup India,MNC,Chemicals,2054,-18.27,2007,-19.39,99,393,-31.74,4.80,4,2.51,39.0,67.0,0.02,1764.0,425.0,3.57,1684.0,367.0,-0.66,7.97,11.41,,,
491,463,-28,Rane Holdings,L Ganesh,Holding Company,2051,-5.77,2038,-5.62,-51,443,0.0,NAP,40,46.32,63.0,661.0,0.82,1708.0,429.0,-1.99,764.0,451.0,-7.03,-10.44,-0.94,,,
492,NAP,NEW,Prince Pipes & Fittings,Jayant Shamji Chheda,Plastics,2044,18.04,2072,26.65,222,332,97.16,10.85,21,5.72,230.0,88.0,0.19,1158.0,470.0,2.66,1043.0,425.0,24.57,23.58,27.99,1706.0,342.0,-4.21
493,359,-134,Force Motors,Firodia,Auto,2040,-32.92,1988,-35.46,-124,452,0.0,NAP,28,2453.91,37.0,642.0,0.25,2513.0,382.0,8.81,1838.0,353.0,-6.49,-5.33,-5.2,6055.0,160.0,27.82
494,NAP,NEW,Can Fin Homes,Canara Bank,NBFC,2018,-0.59,2018,-0.6,456,226,21.25,22.59,1209,NAP,22.0,19293.0,7.99,21903.0,134.0,4.81,2610.0,292.0,21.38,19.16,8.54,887.0,399.0,36.04
495,500,5,IOL Chemicals & Pharmaceuticals,Varinder Gupta,Pharma,2008,6.29,1967,3.83,445,234,23.05,22.14,6,0.99,365.0,3.0,0.03,1267.0,465.0,44.43,1260.0,405.0,54.93,42.87,53.83,2069.0,320.0,18.16
496,499,3,Ahluwalia Contracts (India),Bikramjit Ahluwalia,Construction,2005,5.76,1982,5.16,77,404,19.89,3.85,43,27.63,418.0,68.0,0.09,1107.0,473.0,13.95,879.0,441.0,9.46,9.18,14.06,2214.0,312.0,5.78
497,438,-59,Himatsingka Seide,DK Himatsingka,Textiles,1994,-16.9,2258,-4.22,-53,444,0.0,NAP,177,61.32,126.0,2593.0,2.08,4217.0,305.0,-9.01,1315.0,397.0,-3.29,-3.99,3.4,8129.0,124.0,50.62
498,NAP,NEW,Tata Teleservices,Tata,Telecom (Ancillaries),1982,-19.52,1605,-13.29,-8901,496,0.0,NAP,2155,-32.27,94.0,18702.0,0.0,1286.0,463.0,-66.71,-17787.0,499.0,-41.32,0.0,0.0,1200.0,380.0,NAP
499,NAP,NEW,Dodla Dairy,Dodla Sunil Reddy,FMCG,1966,-5.87,1944,-9.13,126,378,152.6,6.41,13,5.26,224.0,99.0,0.24,768.0,490.0,26.8,658.0,460.0,51.79,23.08,28.98,2458.0,293.0,NAP
500,NAP,NEW,Jyothy Labs,MP Ramachandran,FMCG,1954,10.82,1909,11.57,199,344,17.09,10.20,19,6.61,194.0,117.0,0.15,1600.0,440.0,1.65,1429.0,389.0,16.27,15.81,17.13,2559.0,284.0,-1.43
